{
  "R": [
    [1, 0.0, 0.0],
    [0.0, 0.0, -1.0],
    [0.0, 1.0, 0.0]
  ],
  "t": [0.08, 0.0, -0.08]
}


#GT
{
    "R": [
        [
            0.9980875091785035,
            -0.02118074434068139,
            0.058074952354919857
        ],
        [
            0.05415065408399425,
            -0.15357007564123568,
            -0.986652896681412
        ],
        [
            0.02981661758360781,
            0.9879107287284208,
            -0.15212942312108163
        ]
    ],
    "t": [
        0.08,
        0.0,
        -0.08
    ]
}
#auto
{
    "R": [
        [
            0.9990609906489721,
            -0.03220853546257655,
            -0.02897839206804627
        ],
        [
            -0.0339009384671614,
            -0.16464856303352052,
            -0.9857695354706604
        ],
        [
            0.026978942428108856,
            0.985826283345272,
            -0.16558585607203313
        ]
    ],
    "t": [
        0.05482177808880806,
        0.25006768107414246,
        -1.0884697437286377
    ]
}

#xyz
{
    "R": [
        [
            0.999177732001227,
            -0.037561567572960315,
            -0.015263961293896455
        ],
        [
            -0.021717696712562982,
            -0.17792342617756385,
            -0.9838046534077614
        ],
        [
            0.03423742867711758,
            0.9833272004062136,
            -0.17859287617058262
        ]
    ],
    "t": [
        -0.7661175525513823,
        -2.858434328691926,
        23.98542613296859
    ]
}


#육교 차선영역
{
    "IN1": [
        [
            23,
            918
        ],
        [
            270,
            938
        ],
        [
            621,
            559
        ],
        [
            516,
            558
        ],
        [
            22,
            917
        ]
    ],
    "IN2": [
        [
            270,
            938
        ],
        [
            570,
            940
        ],
        [
            726,
            559
        ],
        [
            629,
            557
        ],
        [
            270,
            937
        ]
    ],
    "IN3": [
        [
            572,
            937
        ],
        [
            881,
            939
        ],
        [
            833,
            559
        ],
        [
            725,
            560
        ],
        [
            573,
            936
        ]
    ],
    "OUT1": [
        [
            1111,
            937
        ],
        [
            1404,
            942
        ],
        [
            1054,
            565
        ],
        [
            857,
            565
        ],
        [
            873,
            668
        ],
        [
            958,
            720
        ],
        [
            972,
            749
        ],
        [
            1037,
            783
        ],
        [
            1111,
            937
        ]
    ],
    "OUT2": [
        [
            1407,
            944
        ],
        [
            1739,
            944
        ],
        [
            1183,
            570
        ],
        [
            1055,
            565
        ],
        [
            1409,
            946
        ]
    ],
    "OUT3": [
        [
            1741,
            943
        ],
        [
            1188,
            570
        ],
        [
            1423,
            565
        ],
        [
            1503,
            608
        ],
        [
            1474,
            654
        ],
        [
            1916,
            870
        ],
        [
            1918,
            944
        ],
        [
            1744,
            946
        ]
    ]
}