{
  "R": [
    [1, 0.0, 0.0],
    [0.0, 0.0, -1.0],
    [0.0, 1.0, 0.0]
  ],
  "t": [0.08, 0.0, -0.08]
}


#GT
{
    "R": [
        [
            0.9992644413324948,
            -0.019037493130699523,
            0.03328888919381484
        ],
        [
            0.029875345796348086,
            -0.157770481585383,
            -0.9870237782616318
        ],
        [
            0.02404246247804365,
            0.9872922814423372,
            -0.157085680449801
        ]
    ],
    "t": [
        0.05,
        0.3,
        -1.1
    ]
}

#auto
{
    "R": [
        [
            0.9990609906489721,
            -0.03220853546257655,
            -0.02897839206804627
        ],
        [
            -0.0339009384671614,
            -0.16464856303352052,
            -0.9857695354706604
        ],
        [
            0.026978942428108856,
            0.985826283345272,
            -0.16558585607203313
        ]
    ],
    "t": [
        0.05482177808880806,
        0.25006768107414246,
        -1.0884697437286377
    ]
}

#xyz
{
    "R": [
        [
            0.9964675021671865,
            -0.08050904663467168,
            0.02389164152391396
        ],
        [
            -0.04116627323737851,
            -0.7162485472684358,
            -0.6966299997011595
        ],
        [
            0.07319737066641341,
            0.6931856258938622,
            -0.7170326582392822
        ]
    ],
    "t": [
        -0.296120564661946,
        -5.719160106339022,
        17.26808180479166
    ]
}



{
    "IN1": [
        [
            23,
            918
        ],
        [
            270,
            938
        ],
        [
            621,
            559
        ],
        [
            516,
            558
        ],
        [
            22,
            917
        ]
    ],
    "IN2": [
        [
            270,
            938
        ],
        [
            570,
            940
        ],
        [
            726,
            559
        ],
        [
            629,
            557
        ],
        [
            270,
            937
        ]
    ],
    "IN3": [
        [
            572,
            937
        ],
        [
            881,
            939
        ],
        [
            833,
            559
        ],
        [
            725,
            560
        ],
        [
            573,
            936
        ]
    ],
    "OUT1": [
        [
            1111,
            937
        ],
        [
            1404,
            942
        ],
        [
            1054,
            565
        ],
        [
            857,
            565
        ],
        [
            873,
            668
        ],
        [
            958,
            720
        ],
        [
            972,
            749
        ],
        [
            1037,
            783
        ],
        [
            1111,
            937
        ]
    ],
    "OUT2": [
        [
            1407,
            944
        ],
        [
            1739,
            944
        ],
        [
            1183,
            570
        ],
        [
            1055,
            565
        ],
        [
            1409,
            946
        ]
    ],
    "OUT3": [
        [
            1741,
            943
        ],
        [
            1188,
            570
        ],
        [
            1423,
            565
        ],
        [
            1503,
            608
        ],
        [
            1474,
            654
        ],
        [
            1916,
            870
        ],
        [
            1918,
            944
        ],
        [
            1744,
            946
        ]
    ]
}