timestamp,iter_idx,iterations_total,bbox_ref_mode,calib_exit_code,Rt_multiline,valid_tracks,rmse_abs_mean,rmse_abs_median,rmse_db_mean,rmse_db_median,ru_abs_mean,rv_abs_mean,angle_diff_mean_deg,global_bias_u,global_bias_v,distance_bins_text,lane_rmse_text,distance_bias_v_text
2/24/26 13:10,1,100,bottom,0,"{
    ""R"": [[0.999479932247102, -0.02364623619224526, -0.02192534034554946],
          [-0.025342099219212214, -0.15552080256078257, -0.9875074976819233],
          [0.019940989004841557, 0.9875495610270861, -0.15603916647021057]],
    ""t"": [-0.3051212430000305, 0.4966122508049011, -1.2166500091552734]
}",32.0,40.37,38.96,22.63,21.15,0.19,0.165,5.3,-25.86,-9.96,"30-40m: RMSE 67.48, Bias(-33.13,-46.83), N=32
40-50m: RMSE 55.65, Bias(-31.36,-23.09), N=327
50-60m: RMSE 42.66, Bias(-24.14,-7.96), N=346
60-70m: RMSE 40.53, Bias(-24.93,-6.08), N=287
70-80m: RMSE 41.06, Bias(-25.41,-6.42), N=205
80-90m: RMSE 35.69, Bias(-24.02,-0.25), N=178
90-100m: RMSE 37.0, Bias(-21.6,-3.03), N=160
100-110m: RMSE 34.94, Bias(-23.76,-7.06), N=36","IN1: RMSE 39.17, Bias(-14.94,4.13), N=262
IN2: RMSE 30.51, Bias(-17.34,7.41), N=262
IN3: RMSE 38.02, Bias(-26.44,-6.01), N=264
OUT1: RMSE 54.29, Bias(-34.28,-20.16), N=259
OUT2: RMSE 48.32, Bias(-31.54,-16.1), N=262
OUT3: RMSE 51.42, Bias(-30.71,-29.18), N=262",30-40m: -46.83 | 40-50m: -23.09 | 50-60m: -7.96 | 60-70m: -6.08 | 70-80m: -6.42 | 80-90m: -0.25 | 90-100m: -3.03 | 100-110m: -7.06
2/24/26 13:14,2,100,bottom,-1,"{
    ""R"": [[0.858475585540003, -0.021885753945403277, -0.512387239113143],
          [-0.5115210102060427, -0.10853819088565629, -0.8523882432536583],
          [-0.03695842460843282, 0.9938513344024396, -0.10437240994129011]],
    ""t"": [0.08, 0.0, -0.08]
}",15.0,46.96,47.92,33.2,29.55,0.156,0.171,18.19,-9.5,-23.54,"40-50m: RMSE 51.02, Bias(-11.66,-35.13), N=118
50-60m: RMSE 46.0, Bias(-13.67,-13.95), N=107
60-70m: RMSE 59.94, Bias(-3.66,-35.79), N=81
70-80m: RMSE 46.5, Bias(-12.77,-14.72), N=77
80-90m: RMSE 36.61, Bias(1.78,-1.04), N=40
90-100m: RMSE 45.76, Bias(-2.23,-17.59), N=5","IN1: RMSE 64.99, Bias(-0.31,-46.57), N=74
IN2: RMSE 48.88, Bias(-6.51,-10.39), N=72
IN3: RMSE 32.56, Bias(-1.98,-5.39), N=72
OUT1: RMSE 47.5, Bias(-20.01,-27.13), N=74
OUT2: RMSE 50.59, Bias(-23.32,-23.76), N=71
OUT3: RMSE 49.86, Bias(-5.12,-27.2), N=73",40-50m: -35.13 | 50-60m: -13.95 | 60-70m: -35.79 | 70-80m: -14.72 | 80-90m: -1.04 | 90-100m: -17.59
2/24/26 13:18,3,100,bottom,0,"{
    ""R"": [[0.9990258603231011, -0.026820076711038175, 0.03504302913421401],
          [0.030425991693508833, -0.1565341704877777, -0.9872037846864097],
          [0.03196231273162029, 0.9873083292239142, -0.15556565691028537]],
    ""t"": [0.3546435832977295, 0.7263434529304504, -1.6365902423858643]
}",27.0,27.03,23.77,20.22,19.29,0.117,0.119,6.58,2.73,0.56,"30-40m: RMSE 47.58, Bias(-0.87,-32.66), N=27
40-50m: RMSE 29.61, Bias(10.49,-4.75), N=263
50-60m: RMSE 31.19, Bias(9.29,5.63), N=232
60-70m: RMSE 28.34, Bias(2.36,3.03), N=237
70-80m: RMSE 26.74, Bias(-0.77,1.76), N=128
80-90m: RMSE 20.58, Bias(-4.78,3.43), N=110
90-100m: RMSE 20.94, Bias(-8.08,-0.03), N=121
100-110m: RMSE 27.52, Bias(-16.12,3.88), N=42","IN1: RMSE 26.63, Bias(12.88,9.82), N=195
IN2: RMSE 20.66, Bias(6.23,12.16), N=193
IN3: RMSE 19.94, Bias(-3.31,6.45), N=193
OUT1: RMSE 23.92, Bias(-7.79,2.24), N=193
OUT2: RMSE 29.34, Bias(-2.6,-9.67), N=193
OUT3: RMSE 42.89, Bias(10.81,-17.64), N=194",30-40m: -32.66 | 40-50m: -4.75 | 50-60m: 5.63 | 60-70m: 3.03 | 70-80m: 1.76 | 80-90m: 3.43 | 90-100m: -0.03 | 100-110m: 3.88
2/24/26 13:22,4,100,bottom,-1,"{
    ""R"": [[0.9967295969049318, -0.07784685651146438, -0.021678966419447037],
          [-0.027633543475265084, -0.07624734412093297, -0.9967059394773892],
          [0.07593746064185107, 0.9940453759491001, -0.0781491690645512]],
    ""t"": [0.08, 0.0, -0.08]
}",9.0,45.49,40.72,39.88,40.25,0.108,0.119,10.04,11.77,-5.6,"40-50m: RMSE 56.76, Bias(37.72,4.98), N=54
50-60m: RMSE 47.15, Bias(12.35,-5.38), N=62
60-70m: RMSE 38.48, Bias(6.45,0.18), N=13
70-80m: RMSE 61.29, Bias(33.08,-28.25), N=39
80-90m: RMSE 37.6, Bias(7.62,-9.94), N=85
90-100m: RMSE 39.68, Bias(-27.13,8.58), N=46","IN1: RMSE 64.28, Bias(29.91,-7.06), N=52
IN2: RMSE 45.12, Bias(21.63,3.07), N=49
IN3: RMSE 56.76, Bias(32.38,-29.01), N=50
OUT1: RMSE 39.66, Bias(17.04,-16.54), N=50
OUT2: RMSE 24.5, Bias(1.51,3.05), N=50
OUT3: RMSE 42.29, Bias(-32.37,13.13), N=50",40-50m: 4.98 | 50-60m: -5.38 | 60-70m: 0.18 | 70-80m: -28.25 | 80-90m: -9.94 | 90-100m: 8.58
2/24/26 13:25,5,100,bottom,0,"{
    ""R"": [[0.9986236655132285, -0.02568085614227735, -0.04573038710444709],
          [-0.04928561753762878, -0.16131144601251338, -0.9856721286965998],
          [0.01793606926997932, 0.9865693645219031, -0.16235512436012237]],
    ""t"": [-0.10670371353626251, 0.5996268391609192, -0.933134138584137]
}",27.0,39.6,37.73,23.13,23.21,0.169,0.197,5.59,-18.24,-14.53,"30-40m: RMSE 76.74, Bias(-20.19,-59.48), N=26
40-50m: RMSE 55.26, Bias(-19.73,-25.55), N=292
50-60m: RMSE 43.2, Bias(-13.97,-15.38), N=298
60-70m: RMSE 41.27, Bias(-17.58,-10.7), N=246
70-80m: RMSE 35.07, Bias(-20.45,-6.96), N=130
80-90m: RMSE 32.22, Bias(-17.91,-2.34), N=140
90-100m: RMSE 36.47, Bias(-22.94,-8.45), N=146
100-110m: RMSE 36.32, Bias(-18.09,-10.09), N=33","IN1: RMSE 24.42, Bias(-0.58,13.57), N=219
IN2: RMSE 27.6, Bias(-13.64,10.27), N=219
IN3: RMSE 36.32, Bias(-24.3,-7.41), N=218
OUT1: RMSE 51.26, Bias(-23.1,-29.26), N=219
OUT2: RMSE 60.72, Bias(-25.74,-36.36), N=218
OUT3: RMSE 52.5, Bias(-22.16,-38.09), N=219",30-40m: -59.48 | 40-50m: -25.55 | 50-60m: -15.38 | 60-70m: -10.7 | 70-80m: -6.96 | 80-90m: -2.34 | 90-100m: -8.45 | 100-110m: -10.09
2/24/26 13:29,6,100,bottom,0,"{
    ""R"": [[0.9978331452201367, -0.027251313265888272, -0.05988639432603685],
          [-0.0634674570027878, -0.15869960827740684, -0.9852848908991738],
          [0.017346359897351525, 0.9869507587807417, -0.16008530082562047]],
    ""t"": [-0.061376333236694336, 0.6257662773132324, -0.9314821362495422]
}",27.0,42.64,42.94,24.97,24.23,0.177,0.197,5.96,-21.28,-16.48,"30-40m: RMSE 70.54, Bias(-18.62,-52.69), N=33
40-50m: RMSE 55.86, Bias(-22.75,-25.59), N=319
50-60m: RMSE 44.65, Bias(-17.3,-15.66), N=290
60-70m: RMSE 44.31, Bias(-23.37,-15.4), N=208
70-80m: RMSE 42.08, Bias(-28.16,-10.68), N=127
80-90m: RMSE 37.53, Bias(-23.49,-5.35), N=120
90-100m: RMSE 40.18, Bias(-16.59,-5.01), N=127
100-110m: RMSE 37.97, Bias(-13.24,-11.84), N=30","IN1: RMSE 37.1, Bias(-1.15,6.12), N=210
IN2: RMSE 28.83, Bias(-16.82,3.57), N=209
IN3: RMSE 43.56, Bias(-27.78,-12.9), N=210
OUT1: RMSE 55.21, Bias(-29.7,-26.25), N=208
OUT2: RMSE 54.93, Bias(-26.35,-29.7), N=211
OUT3: RMSE 56.5, Bias(-25.98,-39.98), N=207",30-40m: -52.69 | 40-50m: -25.59 | 50-60m: -15.66 | 60-70m: -15.4 | 70-80m: -10.68 | 80-90m: -5.35 | 90-100m: -5.01 | 100-110m: -11.84
2/24/26 13:33,7,100,bottom,0,"{
    ""R"": [[0.995871894650686, -0.01839271788635942, 0.08888687964827108],
          [0.08503357129931449, -0.15355605176093148, -0.9844743931254271],
          [0.03175627807123837, 0.9879687479350485, -0.15135815771445976]],
    ""t"": [0.08, 0.0, -0.08]
}",30.0,40.18,40.28,23.51,22.12,0.192,0.15,8.85,22.37,-13.57,"30-40m: RMSE 55.44, Bias(-3.87,-45.89), N=27
40-50m: RMSE 48.02, Bias(8.66,-33.65), N=303
50-60m: RMSE 42.17, Bias(22.92,-10.68), N=346
60-70m: RMSE 41.55, Bias(27.87,-8.15), N=318
70-80m: RMSE 41.0, Bias(29.04,-6.75), N=230
80-90m: RMSE 34.93, Bias(26.43,-4.58), N=180
90-100m: RMSE 35.59, Bias(27.57,-8.59), N=169
100-110m: RMSE 32.39, Bias(17.15,-9.03), N=44","IN1: RMSE 50.33, Bias(32.37,-26.04), N=270
IN2: RMSE 49.45, Bias(43.6,-4.67), N=269
IN3: RMSE 31.87, Bias(27.43,-3.42), N=270
OUT1: RMSE 42.18, Bias(28.41,-12.73), N=270
OUT2: RMSE 35.18, Bias(6.67,-19.08), N=268
OUT3: RMSE 37.74, Bias(-4.32,-15.52), N=270",30-40m: -45.89 | 40-50m: -33.65 | 50-60m: -10.68 | 60-70m: -8.15 | 70-80m: -6.75 | 80-90m: -4.58 | 90-100m: -8.59 | 100-110m: -9.03
2/24/26 13:37,8,100,bottom,0,"{
    ""R"": [[0.9907818367256315, -0.02609224368674211, 0.13293060909353124],
          [0.12771435810522533, -0.14728814165604154, -0.9808135633550757],
          [0.04517072888891448, 0.9887494111992688, -0.1425980613639006]],
    ""t"": [0.08, 0.0, -0.08]
}",23.0,30.59,27.45,22.75,21.43,0.132,0.116,6.55,-3.95,-2.68,"30-40m: RMSE 58.92, Bias(-27.83,-31.43), N=49
40-50m: RMSE 41.65, Bias(-24.52,-12.45), N=230
50-60m: RMSE 27.59, Bias(-2.52,-0.89), N=258
60-70m: RMSE 26.66, Bias(2.7,-0.4), N=226
70-80m: RMSE 25.98, Bias(5.63,5.44), N=159
80-90m: RMSE 21.1, Bias(5.22,3.37), N=134
90-100m: RMSE 20.71, Bias(4.73,1.14), N=136
100-110m: RMSE 25.7, Bias(-1.17,-0.76), N=34","IN1: RMSE 31.43, Bias(0.21,-16.06), N=205
IN2: RMSE 26.51, Bias(12.45,0.76), N=205
IN3: RMSE 18.05, Bias(6.74,6.03), N=204
OUT1: RMSE 25.56, Bias(-3.45,-1.34), N=203
OUT2: RMSE 28.97, Bias(-9.09,4.92), N=204
OUT3: RMSE 47.22, Bias(-30.54,-10.27), N=205",30-40m: -31.43 | 40-50m: -12.45 | 50-60m: -0.89 | 60-70m: -0.4 | 70-80m: 5.44 | 80-90m: 3.37 | 90-100m: 1.14 | 100-110m: -0.76
2/24/26 13:41,9,100,bottom,0,"{
    ""R"": [[0.9994418093007515, -0.032846030110290206, -0.006099846525510895],
          [-0.011350480624825922, -0.16213233338260405, -0.9867037412828115],
          [0.03142031844565434, 0.9862222086213156, -0.16241465085043208]],
    ""t"": [0.12932828068733215, 0.4144602417945862, -1.6064049005508423]
}",31.0,50.4,48.94,25.25,22.75,0.248,0.223,5.89,-29.28,-20.35,"30-40m: RMSE 75.61, Bias(-29.12,-58.67), N=15
40-50m: RMSE 66.18, Bias(-33.24,-44.31), N=286
50-60m: RMSE 47.45, Bias(-26.5,-19.82), N=385
60-70m: RMSE 44.46, Bias(-29.72,-14.55), N=360
70-80m: RMSE 45.16, Bias(-30.2,-13.33), N=251
80-90m: RMSE 45.61, Bias(-31.63,-12.42), N=212
90-100m: RMSE 40.72, Bias(-25.1,-12.65), N=200
100-110m: RMSE 41.84, Bias(-25.48,-14.86), N=37","IN1: RMSE 45.7, Bias(-28.68,-16.35), N=292
IN2: RMSE 31.45, Bias(-22.05,-3.64), N=293
IN3: RMSE 44.61, Bias(-39.5,-6.63), N=290
OUT1: RMSE 49.49, Bias(-33.03,-21.68), N=290
OUT2: RMSE 63.01, Bias(-23.5,-36.13), N=291
OUT3: RMSE 56.62, Bias(-28.99,-37.76), N=291",30-40m: -58.67 | 40-50m: -44.31 | 50-60m: -19.82 | 60-70m: -14.55 | 70-80m: -13.33 | 80-90m: -12.42 | 90-100m: -12.65 | 100-110m: -14.86
2/24/26 13:44,10,100,bottom,0,"{
    ""R"": [[0.9994900093664814, -0.028889857115051997, -0.013605048050766597],
          [-0.018059052369328782, -0.15999769588990836, -0.9869521811807512],
          [0.026336131153106585, 0.9866945390878542, -0.16043782200620282]],
    ""t"": [0.08, 0.0, -0.08]
}",31.0,42.29,43.57,26.09,25.85,0.179,0.225,6.43,-13.96,-19.32,"30-40m: RMSE 51.75, Bias(-5.22,-27.06), N=11
40-50m: RMSE 58.49, Bias(-16.86,-41.28), N=238
50-60m: RMSE 42.84, Bias(-10.52,-21.47), N=374
60-70m: RMSE 38.61, Bias(-11.91,-16.01), N=353
70-80m: RMSE 35.7, Bias(-15.58,-13.42), N=234
80-90m: RMSE 34.97, Bias(-17.92,-11.18), N=237
90-100m: RMSE 34.83, Bias(-13.26,-13.01), N=229
100-110m: RMSE 35.03, Bias(-20.14,-14.4), N=41","IN1: RMSE 29.24, Bias(-3.15,-11.15), N=288
IN2: RMSE 22.16, Bias(-0.96,-1.69), N=286
IN3: RMSE 26.67, Bias(-19.18,-4.8), N=286
OUT1: RMSE 45.45, Bias(-16.49,-27.83), N=286
OUT2: RMSE 57.55, Bias(-18.12,-32.9), N=286
OUT3: RMSE 54.36, Bias(-25.92,-37.6), N=286",30-40m: -27.06 | 40-50m: -41.28 | 50-60m: -21.47 | 60-70m: -16.01 | 70-80m: -13.42 | 80-90m: -11.18 | 90-100m: -13.01 | 100-110m: -14.4
2/24/26 13:48,11,100,bottom,0,"{
    ""R"": [[0.9993579808729514, -0.026017304570083194, -0.024631807250873005],
          [-0.02841160275254397, -0.15665505760867454, -0.9872446372377285],
          [0.02182674722830432, 0.9873106364202351, -0.15729367538747824]],
    ""t"": [-0.03288137912750244, 0.6266731023788452, -1.1320253610610962]
}",30.0,35.4,31.76,21.87,21.02,0.16,0.153,6.38,-18.3,-7.79,"30-40m: RMSE 61.92, Bias(-20.58,-52.9), N=27
40-50m: RMSE 44.59, Bias(-15.62,-14.2), N=312
50-60m: RMSE 38.14, Bias(-13.99,-7.12), N=301
60-70m: RMSE 36.52, Bias(-17.49,-6.25), N=241
70-80m: RMSE 36.34, Bias(-19.38,-3.35), N=162
80-90m: RMSE 34.51, Bias(-22.95,0.04), N=139
90-100m: RMSE 36.48, Bias(-24.22,-2.22), N=157
100-110m: RMSE 40.24, Bias(-34.4,-8.92), N=32","IN1: RMSE 25.76, Bias(1.39,16.25), N=231
IN2: RMSE 26.16, Bias(-10.01,6.55), N=226
IN3: RMSE 34.39, Bias(-24.8,-2.1), N=229
OUT1: RMSE 48.43, Bias(-29.89,-22.42), N=228
OUT2: RMSE 44.16, Bias(-28.92,-13.96), N=228
OUT3: RMSE 49.69, Bias(-17.73,-31.19), N=229",30-40m: -52.9 | 40-50m: -14.2 | 50-60m: -7.12 | 60-70m: -6.25 | 70-80m: -3.35 | 80-90m: 0.04 | 90-100m: -2.22 | 100-110m: -8.92
2/24/26 13:52,12,100,bottom,-1,"{
    ""R"": [[0.9812014495861754, -0.07130520222084945, -0.17933009637601455],
          [-0.18539780825198024, -0.09026717443491711, -0.9785088093190056],
          [0.05358514743237041, 0.9933616689583811, -0.10179011061429842]],
    ""t"": [0.28294992446899414, -0.08098434656858444, -0.9172898530960083]
}",11.0,49.45,51.61,39.65,37.79,0.151,0.131,22.27,6.37,-6.04,"40-50m: RMSE 63.31, Bias(43.8,-23.06), N=31
50-60m: RMSE 54.2, Bias(30.67,-7.95), N=69
60-70m: RMSE 39.66, Bias(-5.1,-4.8), N=59
70-80m: RMSE 50.63, Bias(14.01,-10.21), N=39
80-90m: RMSE 45.24, Bias(6.43,-5.6), N=76
90-100m: RMSE 48.41, Bias(-32.2,4.0), N=62
100-110m: RMSE 46.8, Bias(-2.3,5.72), N=8","IN1: RMSE 56.17, Bias(31.53,-11.38), N=58
IN2: RMSE 49.16, Bias(32.26,-10.45), N=57
IN3: RMSE 31.57, Bias(8.99,2.9), N=57
OUT1: RMSE 46.53, Bias(-25.01,10.25), N=57
OUT2: RMSE 49.64, Bias(-39.68,5.94), N=57
OUT3: RMSE 58.24, Bias(29.32,-32.92), N=58",40-50m: -23.06 | 50-60m: -7.95 | 60-70m: -4.8 | 70-80m: -10.21 | 80-90m: -5.6 | 90-100m: 4.0 | 100-110m: 5.72
2/24/26 13:56,13,100,bottom,0,"{
    ""R"": [[0.9989164056856923, -0.025117280411480147, 0.03918082026588743],
          [0.034910450803425024, -0.15235135439391237, -0.9877096360970878],
          [0.03077783092874407, 0.988007179649557, -0.15130941175039325]],
    ""t"": [0.027676578611135483, 0.4486321210861206, -1.9563812017440796]
}",30.0,29.35,26.44,22.65,21.81,0.124,0.121,7.2,-12.15,-1.52,"30-40m: RMSE 60.31, Bias(-7.47,-49.39), N=41
40-50m: RMSE 37.28, Bias(-16.76,-14.49), N=359
50-60m: RMSE 27.61, Bias(-9.82,5.97), N=339
60-70m: RMSE 25.5, Bias(-9.53,5.77), N=270
70-80m: RMSE 24.93, Bias(-10.01,4.82), N=140
80-90m: RMSE 23.17, Bias(-13.53,6.66), N=106
90-100m: RMSE 21.98, Bias(-10.45,1.64), N=123
100-110m: RMSE 34.93, Bias(-25.11,-2.73), N=31","IN1: RMSE 25.87, Bias(-9.39,3.11), N=236
IN2: RMSE 20.09, Bias(0.03,9.59), N=234
IN3: RMSE 26.83, Bias(-15.82,7.02), N=237
OUT1: RMSE 31.15, Bias(-17.16,-6.47), N=232
OUT2: RMSE 43.68, Bias(-22.28,-14.54), N=235
OUT3: RMSE 31.06, Bias(-8.3,-7.96), N=235",30-40m: -49.39 | 40-50m: -14.49 | 50-60m: 5.97 | 60-70m: 5.77 | 70-80m: 4.82 | 80-90m: 6.66 | 90-100m: 1.64 | 100-110m: -2.73
2/24/26 13:59,14,100,bottom,0,"{
    ""R"": [[0.994604135716295, -0.02355789696259051, 0.10103285953956267],
          [0.09657906159732214, -0.14536185464277412, -0.9846534497353842],
          [0.03788268835525931, 0.9890980521189559, -0.142302302221241]],
    ""t"": [0.08, 0.0, -0.08]
}",22.0,28.99,28.28,22.46,22.16,0.128,0.108,6.12,7.66,0.62,"30-40m: RMSE 40.87, Bias(-14.41,-24.85), N=44
40-50m: RMSE 31.78, Bias(-4.91,-9.93), N=262
50-60m: RMSE 28.57, Bias(11.38,5.49), N=222
60-70m: RMSE 29.71, Bias(16.19,7.31), N=176
70-80m: RMSE 30.87, Bias(15.65,7.0), N=106
80-90m: RMSE 25.04, Bias(11.75,8.61), N=91
90-100m: RMSE 25.74, Bias(14.65,3.37), N=76
100-110m: RMSE 32.18, Bias(24.61,2.09), N=11","IN1: RMSE 32.48, Bias(15.9,-11.16), N=165
IN2: RMSE 27.76, Bias(15.2,6.04), N=166
IN3: RMSE 31.44, Bias(23.7,10.44), N=163
OUT1: RMSE 23.62, Bias(4.8,3.26), N=166
OUT2: RMSE 28.2, Bias(1.62,6.99), N=163
OUT3: RMSE 35.59, Bias(-15.2,-11.69), N=165",30-40m: -24.85 | 40-50m: -9.93 | 50-60m: 5.49 | 60-70m: 7.31 | 70-80m: 7.0 | 80-90m: 8.61 | 90-100m: 3.37 | 100-110m: 2.09
2/24/26 14:03,15,100,bottom,0,"{
    ""R"": [[0.9963154292057419, -0.029279431695197602, -0.08061191230944123],
          [-0.08428522270400586, -0.16044403319225434, -0.9834397355439419],
          [0.015860856228935006, 0.986610575198041, -0.16232068921451762]],
    ""t"": [0.13516312837600708, 0.7042686939239502, -1.3753750324249268]
}",25.0,40.81,38.61,25.79,26.26,0.159,0.203,7.74,-13.36,-17.92,"30-40m: RMSE 73.19, Bias(-11.29,-60.76), N=25
40-50m: RMSE 55.55, Bias(-10.91,-27.56), N=253
50-60m: RMSE 43.43, Bias(-12.63,-19.82), N=267
60-70m: RMSE 42.79, Bias(-17.35,-15.82), N=188
70-80m: RMSE 40.31, Bias(-13.21,-13.08), N=124
80-90m: RMSE 33.24, Bias(-9.17,-2.43), N=105
90-100m: RMSE 37.53, Bias(-18.86,-4.85), N=96
100-110m: RMSE 26.35, Bias(-15.12,-4.07), N=13","IN1: RMSE 27.81, Bias(9.84,16.26), N=179
IN2: RMSE 30.05, Bias(-16.63,2.26), N=183
IN3: RMSE 40.68, Bias(-28.0,-10.27), N=174
OUT1: RMSE 50.66, Bias(-19.16,-33.42), N=179
OUT2: RMSE 61.54, Bias(-17.45,-41.72), N=178
OUT3: RMSE 53.03, Bias(-9.15,-40.98), N=179",30-40m: -60.76 | 40-50m: -27.56 | 50-60m: -19.82 | 60-70m: -15.82 | 70-80m: -13.08 | 80-90m: -2.43 | 90-100m: -4.85 | 100-110m: -4.07
2/24/26 14:07,16,100,bottom,0,"{
    ""R"": [[0.9970442624460393, -0.031073261646471954, -0.07026514878718061],
          [-0.07440889190483582, -0.16279553503515623, -0.9838500549261113],
          [0.01913257768648099, 0.9861704042320815, -0.1646264811256186]],
    ""t"": [0.1456521898508072, 0.7628582119941711, -1.0233516693115234]
}",29.0,41.44,36.26,24.41,24.01,0.182,0.199,6.71,-17.62,-15.39,"30-40m: RMSE 73.6, Bias(-10.29,-64.17), N=24
40-50m: RMSE 55.36, Bias(-16.19,-26.11), N=289
50-60m: RMSE 45.53, Bias(-17.92,-19.72), N=300
60-70m: RMSE 43.6, Bias(-21.06,-13.74), N=233
70-80m: RMSE 39.75, Bias(-19.84,-6.83), N=160
80-90m: RMSE 35.7, Bias(-16.45,0.26), N=131
90-100m: RMSE 37.45, Bias(-15.2,-4.81), N=138
100-110m: RMSE 31.06, Bias(-9.91,-2.42), N=26","IN1: RMSE 26.97, Bias(-0.55,16.07), N=217
IN2: RMSE 33.12, Bias(-21.84,9.45), N=217
IN3: RMSE 42.27, Bias(-30.3,-9.86), N=217
OUT1: RMSE 50.28, Bias(-25.14,-31.27), N=217
OUT2: RMSE 57.18, Bias(-9.87,-34.66), N=219
OUT3: RMSE 56.06, Bias(-18.12,-42.14), N=215",30-40m: -64.17 | 40-50m: -26.11 | 50-60m: -19.72 | 60-70m: -13.74 | 70-80m: -6.83 | 80-90m: 0.26 | 90-100m: -4.81 | 100-110m: -2.42
2/24/26 14:11,17,100,bottom,0,"{
    ""R"": [[0.9995935365454459, -0.027853685742269627, -0.006077325656930679],
          [-0.010397383758733735, -0.15768822804392346, -0.9874342090222223],
          [0.02654535943518424, 0.9870960413895592, -0.15791373900176758]],
    ""t"": [0.2562159299850464, 0.6720215082168579, -1.4764721393585205]
}",31.0,31.32,28.3,22.17,20.71,0.133,0.147,8.83,-8.41,-7.37,"30-40m: RMSE 60.27, Bias(4.17,-50.99), N=32
40-50m: RMSE 40.54, Bias(-2.51,-17.64), N=320
50-60m: RMSE 32.94, Bias(-3.31,-4.42), N=354
60-70m: RMSE 31.6, Bias(-6.95,-3.76), N=294
70-80m: RMSE 29.92, Bias(-10.75,-2.14), N=179
80-90m: RMSE 26.28, Bias(-13.84,0.88), N=145
90-100m: RMSE 30.66, Bias(-21.92,-5.32), N=181
100-110m: RMSE 33.73, Bias(-25.5,-5.64), N=50","IN1: RMSE 25.19, Bias(8.85,13.72), N=260
IN2: RMSE 23.37, Bias(-9.94,9.35), N=263
IN3: RMSE 31.2, Bias(-13.83,-9.41), N=255
OUT1: RMSE 41.91, Bias(-16.61,-20.52), N=260
OUT2: RMSE 34.57, Bias(-15.77,-12.02), N=258
OUT3: RMSE 43.25, Bias(-3.29,-25.61), N=260",30-40m: -50.99 | 40-50m: -17.64 | 50-60m: -4.42 | 60-70m: -3.76 | 70-80m: -2.14 | 80-90m: 0.88 | 90-100m: -5.32 | 100-110m: -5.64
2/24/26 14:15,18,100,bottom,0,"{
    ""R"": [[0.9941675793195581, -0.025801806584151033, 0.10471433047526663],
          [0.09977375995597398, -0.1485359990555755, -0.9838608914926996],
          [0.04093923612058492, 0.9885703433552697, -0.1450953313663361]],
    ""t"": [0.08, 0.0, -0.08]
}",24.0,29.9,26.7,22.14,19.59,0.13,0.124,8.12,-4.16,-2.31,"30-40m: RMSE 54.79, Bias(-29.51,-39.28), N=46
40-50m: RMSE 38.67, Bias(-18.87,-16.26), N=227
50-60m: RMSE 25.56, Bias(-1.07,2.88), N=250
60-70m: RMSE 26.86, Bias(-0.28,3.69), N=226
70-80m: RMSE 24.04, Bias(7.39,3.81), N=135
80-90m: RMSE 18.92, Bias(2.95,3.86), N=109
90-100m: RMSE 21.56, Bias(-0.28,2.45), N=125
100-110m: RMSE 26.71, Bias(-2.83,1.7), N=29","IN1: RMSE 29.35, Bias(0.14,-13.31), N=192
IN2: RMSE 25.03, Bias(15.85,4.53), N=191
IN3: RMSE 18.55, Bias(1.59,6.91), N=191
OUT1: RMSE 25.04, Bias(0.57,-0.45), N=191
OUT2: RMSE 26.14, Bias(-13.48,5.31), N=191
OUT3: RMSE 45.69, Bias(-29.65,-16.82), N=191",30-40m: -39.28 | 40-50m: -16.26 | 50-60m: 2.88 | 60-70m: 3.69 | 70-80m: 3.81 | 80-90m: 3.86 | 90-100m: 2.45 | 100-110m: 1.7
2/24/26 14:18,19,100,bottom,0,"{
    ""R"": [[0.9979931584477787, -0.021361855366112056, 0.05960978801124148],
          [0.05552686185969601, -0.1572650823977273, -0.9859941488013256],
          [0.030437202621825917, 0.9873253592376497, -0.1557633195036768]],
    ""t"": [0.08, 0.0, -0.08]
}",32.0,37.31,38.08,24.1,22.93,0.144,0.181,5.88,6.94,-19.03,"30-40m: RMSE 73.17, Bias(-5.49,-61.59), N=24
40-50m: RMSE 54.99, Bias(-1.86,-43.68), N=306
50-60m: RMSE 37.81, Bias(8.52,-16.75), N=450
60-70m: RMSE 36.49, Bias(12.3,-14.96), N=379
70-80m: RMSE 32.8, Bias(7.71,-12.16), N=265
80-90m: RMSE 26.93, Bias(5.02,-10.47), N=232
90-100m: RMSE 27.2, Bias(9.67,-11.41), N=220
100-110m: RMSE 29.19, Bias(5.33,-10.83), N=63","IN1: RMSE 45.05, Bias(23.3,-25.24), N=324
IN2: RMSE 31.0, Bias(22.44,-7.55), N=326
IN3: RMSE 35.87, Bias(13.31,-16.73), N=325
OUT1: RMSE 33.89, Bias(-0.08,-21.23), N=320
OUT2: RMSE 45.06, Bias(-12.26,-24.88), N=321
OUT3: RMSE 37.86, Bias(-5.45,-18.68), N=323",30-40m: -61.59 | 40-50m: -43.68 | 50-60m: -16.75 | 60-70m: -14.96 | 70-80m: -12.16 | 80-90m: -10.47 | 90-100m: -11.41 | 100-110m: -10.83
2/24/26 14:22,20,100,bottom,0,"{
    ""R"": [[0.9984679911973166, -0.021626202469034864, 0.05093110956148873],
          [0.04697917819114644, -0.1549793999353174, -0.9868000518910471],
          [0.02923401051652912, 0.9876809671966233, -0.1537259889109914]],
    ""t"": [0.08, 0.0, -0.08]
}",33.0,35.3,34.45,23.24,21.59,0.144,0.156,6.81,7.16,-12.98,"30-40m: RMSE 70.32, Bias(-2.6,-58.5), N=27
40-50m: RMSE 50.73, Bias(-1.56,-38.11), N=325
50-60m: RMSE 35.82, Bias(8.62,-11.69), N=435
60-70m: RMSE 33.02, Bias(11.34,-7.45), N=363
70-80m: RMSE 32.01, Bias(10.54,-4.44), N=276
80-90m: RMSE 24.3, Bias(7.93,-2.22), N=234
90-100m: RMSE 23.37, Bias(7.92,-6.39), N=237
100-110m: RMSE 26.53, Bias(2.28,-7.35), N=69","IN1: RMSE 37.95, Bias(23.46,-15.39), N=328
IN2: RMSE 32.31, Bias(25.89,1.25), N=328
IN3: RMSE 31.32, Bias(13.22,-9.84), N=331
OUT1: RMSE 27.99, Bias(1.35,-13.18), N=324
OUT2: RMSE 43.35, Bias(-13.52,-21.36), N=330
OUT3: RMSE 39.6, Bias(-7.54,-19.41), N=325",30-40m: -58.5 | 40-50m: -38.11 | 50-60m: -11.69 | 60-70m: -7.45 | 70-80m: -4.44 | 80-90m: -2.22 | 90-100m: -6.39 | 100-110m: -7.35
2/24/26 14:26,21,100,bottom,0,"{
    ""R"": [[0.9920429798844235, -0.018593448577367513, -0.12451911392245811],
          [-0.1258664487559117, -0.16918894281957714, -0.9775135491159028],
          [-0.0028919093362047444, 0.985408232813992, -0.17018299434078776]],
    ""t"": [0.08, 0.0, -0.08]
}",20.0,44.33,43.85,24.54,22.96,0.277,0.159,9.27,21.45,-10.36,"30-40m: RMSE 41.9, Bias(-23.16,2.06), N=23
40-50m: RMSE 58.8, Bias(26.73,-14.7), N=130
50-60m: RMSE 53.56, Bias(39.61,-6.02), N=161
60-70m: RMSE 48.26, Bias(27.1,-6.74), N=206
70-80m: RMSE 37.37, Bias(21.99,-7.69), N=155
80-90m: RMSE 30.81, Bias(6.68,-13.97), N=162
90-100m: RMSE 27.64, Bias(10.76,-16.2), N=114
100-110m: RMSE 32.4, Bias(10.46,-22.4), N=25","IN1: RMSE 55.26, Bias(48.11,-10.31), N=164
IN2: RMSE 53.19, Bias(47.94,-7.16), N=162
IN3: RMSE 39.47, Bias(33.09,-2.52), N=163
OUT1: RMSE 24.14, Bias(10.26,-10.15), N=164
OUT2: RMSE 46.48, Bias(15.73,-28.32), N=162
OUT3: RMSE 40.12, Bias(-26.39,-3.76), N=163",30-40m: 2.06 | 40-50m: -14.7 | 50-60m: -6.02 | 60-70m: -6.74 | 70-80m: -7.69 | 80-90m: -13.97 | 90-100m: -16.2 | 100-110m: -22.4
2/24/26 14:30,22,100,bottom,-1,"{
    ""R"": [[0.8993037748689692, -0.06885487527647854, -0.4318700344514343],
          [-0.43702129986453175, -0.10472676340813249, -0.8933334699264163],
          [0.016282013731029773, 0.9921145655501269, -0.12427222075808017]],
    ""t"": [0.3538500666618347, -0.021651558578014374, -2.011040449142456]
}",13.0,46.7,44.71,35.13,33.41,0.167,0.16,21.99,9.88,-8.83,"30-40m: RMSE 44.39, Bias(-4.75,-37.94), N=7
40-50m: RMSE 67.34, Bias(-19.24,-29.91), N=26
50-60m: RMSE 72.07, Bias(-6.91,-25.84), N=22
60-70m: RMSE 38.97, Bias(15.89,-0.76), N=53
70-80m: RMSE 43.76, Bias(12.41,-5.97), N=55
80-90m: RMSE 48.19, Bias(25.38,-12.68), N=114
90-100m: RMSE 38.24, Bias(-1.47,3.57), N=85
100-110m: RMSE 46.74, Bias(5.67,-19.23), N=7","IN1: RMSE 51.17, Bias(25.07,-8.13), N=62
IN2: RMSE 55.54, Bias(39.08,-14.14), N=61
IN3: RMSE 29.69, Bias(9.38,6.01), N=63
OUT1: RMSE 48.1, Bias(5.57,1.88), N=60
OUT2: RMSE 56.87, Bias(-11.38,-35.27), N=64
OUT3: RMSE 37.8, Bias(-8.26,-2.1), N=59",30-40m: -37.94 | 40-50m: -29.91 | 50-60m: -25.84 | 60-70m: -0.76 | 70-80m: -5.97 | 80-90m: -12.68 | 90-100m: 3.57 | 100-110m: -19.23
2/24/26 14:33,23,100,bottom,0,"{
    ""R"": [[0.9950881371588158, -0.018449042299789796, 0.09725858380635036],
          [0.09315894265253553, -0.15777295775254144, -0.9830712615094983],
          [0.0334814977212478, 0.9873030571411368, -0.15527930535041318]],
    ""t"": [0.1536083221435547, 0.6838592290878296, -1.8926258087158203]
}",23.0,38.0,37.7,23.04,22.11,0.198,0.133,4.93,25.97,-10.0,"30-40m: RMSE 42.78, Bias(23.94,-12.57), N=26
40-50m: RMSE 41.12, Bias(17.91,-20.69), N=255
50-60m: RMSE 44.52, Bias(31.9,-5.37), N=286
60-70m: RMSE 38.92, Bias(28.22,-6.45), N=279
70-80m: RMSE 36.04, Bias(26.15,-6.62), N=174
80-90m: RMSE 33.13, Bias(25.35,-7.01), N=160
90-100m: RMSE 36.88, Bias(27.76,-13.51), N=143
100-110m: RMSE 30.79, Bias(15.93,-12.49), N=39","IN1: RMSE 46.6, Bias(25.21,-25.7), N=228
IN2: RMSE 46.59, Bias(41.16,-7.47), N=231
IN3: RMSE 31.54, Bias(23.11,-6.03), N=223
OUT1: RMSE 31.82, Bias(20.49,-4.8), N=229
OUT2: RMSE 30.25, Bias(19.18,-5.1), N=225
OUT3: RMSE 44.29, Bias(26.31,-10.79), N=227",30-40m: -12.57 | 40-50m: -20.69 | 50-60m: -5.37 | 60-70m: -6.45 | 70-80m: -6.62 | 80-90m: -7.01 | 90-100m: -13.51 | 100-110m: -12.49
2/24/26 14:37,24,100,bottom,0,"{
    ""R"": [[0.9991830691203515, -0.024300449881018017, 0.03229059489719124],
          [0.028108571004272328, -0.15619953684530985, -0.9873254847948618],
          [0.029036229426910157, 0.9874265505975068, -0.15538888169935744]],
    ""t"": [0.08, 0.0, -0.08]
}",30.0,34.0,29.75,22.67,22.88,0.13,0.165,6.36,-4.36,-15.49,"30-40m: RMSE 71.58, Bias(-13.56,-59.18), N=25
40-50m: RMSE 54.19, Bias(-9.64,-42.52), N=261
50-60m: RMSE 35.64, Bias(-1.05,-15.5), N=434
60-70m: RMSE 33.01, Bias(0.57,-12.64), N=398
70-80m: RMSE 29.58, Bias(-3.4,-8.16), N=276
80-90m: RMSE 24.04, Bias(-6.62,-5.07), N=241
90-100m: RMSE 23.89, Bias(-7.79,-7.68), N=231
100-110m: RMSE 26.01, Bias(-15.08,-5.16), N=67","IN1: RMSE 36.13, Bias(15.83,-18.56), N=324
IN2: RMSE 23.0, Bias(7.39,-2.64), N=325
IN3: RMSE 19.95, Bias(-3.67,-4.91), N=320
OUT1: RMSE 34.47, Bias(-10.0,-19.67), N=320
OUT2: RMSE 47.59, Bias(-23.12,-23.65), N=324
OUT3: RMSE 43.35, Bias(-12.79,-23.55), N=320",30-40m: -59.18 | 40-50m: -42.52 | 50-60m: -15.5 | 60-70m: -12.64 | 70-80m: -8.16 | 80-90m: -5.07 | 90-100m: -7.68 | 100-110m: -5.16
2/24/26 14:41,25,100,bottom,0,"{
    ""R"": [[0.9961878404255403, -0.027377864949529342, -0.08282656034813786],
          [-0.08613117012893494, -0.1581895641729856, -0.9836449986244942],
          [0.01382780244720205, 0.9870291354856583, -0.1599446078550789]],
    ""t"": [-0.08184117823839188, 0.5263736844062805, -0.8756533265113831]
}",28.0,43.26,38.62,25.09,24.87,0.192,0.208,5.86,-19.35,-17.06,"30-40m: RMSE 76.21, Bias(-29.82,-59.93), N=31
40-50m: RMSE 58.62, Bias(-22.49,-24.77), N=277
50-60m: RMSE 45.71, Bias(-17.72,-17.08), N=263
60-70m: RMSE 44.62, Bias(-21.56,-13.77), N=201
70-80m: RMSE 44.86, Bias(-20.44,-15.08), N=130
80-90m: RMSE 38.1, Bias(-15.33,-6.9), N=132
90-100m: RMSE 39.0, Bias(-13.94,-7.29), N=121
100-110m: RMSE 31.99, Bias(-9.76,-14.09), N=22","IN1: RMSE 40.31, Bias(-4.91,3.83), N=197
IN2: RMSE 28.3, Bias(-11.13,7.13), N=199
IN3: RMSE 41.79, Bias(-30.18,-7.67), N=193
OUT1: RMSE 60.97, Bias(-30.47,-38.07), N=197
OUT2: RMSE 56.05, Bias(-14.52,-30.28), N=195
OUT3: RMSE 54.54, Bias(-25.11,-37.48), N=197",30-40m: -59.93 | 40-50m: -24.77 | 50-60m: -17.08 | 60-70m: -13.77 | 70-80m: -15.08 | 80-90m: -6.9 | 90-100m: -7.29 | 100-110m: -14.09
2/24/26 14:45,26,100,bottom,0,"{
    ""R"": [[0.9884512758260686, -0.024283617415655694, 0.14958068472575492],
          [0.14435471805582453, -0.1494351645204878, -0.9781773085590145],
          [0.04610629775680335, 0.9884732861994523, -0.14420392427814185]],
    ""t"": [0.15353022515773773, 0.5563416481018066, -1.5015952587127686]
}",22.0,24.83,23.27,19.61,19.83,0.117,0.112,6.63,5.4,4.38,"30-40m: RMSE 29.2, Bias(4.72,0.46), N=23
40-50m: RMSE 30.39, Bias(-9.59,-2.97), N=156
50-60m: RMSE 25.08, Bias(2.53,7.34), N=204
60-70m: RMSE 24.04, Bias(7.69,5.64), N=199
70-80m: RMSE 27.0, Bias(13.98,8.22), N=131
80-90m: RMSE 21.95, Bias(11.37,7.01), N=119
90-100m: RMSE 20.75, Bias(9.18,2.25), N=145
100-110m: RMSE 23.95, Bias(8.53,0.69), N=33","IN1: RMSE 26.4, Bias(-3.95,-10.71), N=169
IN2: RMSE 22.81, Bias(9.63,7.18), N=168
IN3: RMSE 24.23, Bias(16.74,9.21), N=168
OUT1: RMSE 20.01, Bias(4.3,6.33), N=169
OUT2: RMSE 23.29, Bias(7.81,3.29), N=171
OUT3: RMSE 32.77, Bias(-2.24,11.21), N=165",30-40m: 0.46 | 40-50m: -2.97 | 50-60m: 7.34 | 60-70m: 5.64 | 70-80m: 8.22 | 80-90m: 7.01 | 90-100m: 2.25 | 100-110m: 0.69
2/24/26 14:49,27,100,bottom,0,"{
    ""R"": [[0.9992840696839785, -0.022564148235099175, 0.030367866079944843],
          [0.02651205148375559, -0.15498300482629357, -0.9875613294075143],
          [0.026989983363234882, 0.9876594187418238, -0.15427382593497407]],
    ""t"": [0.08, 0.0, -0.08]
}",26.0,29.02,27.18,19.55,18.51,0.134,0.133,7.78,6.63,-7.48,"30-40m: RMSE 73.93, Bias(-19.95,-69.91), N=5
40-50m: RMSE 42.35, Bias(10.09,-29.53), N=156
50-60m: RMSE 30.8, Bias(5.84,-6.82), N=296
60-70m: RMSE 31.36, Bias(13.1,-2.61), N=306
70-80m: RMSE 28.14, Bias(8.28,-3.76), N=224
80-90m: RMSE 22.56, Bias(0.41,-3.8), N=160
90-100m: RMSE 20.83, Bias(0.71,-5.11), N=165
100-110m: RMSE 21.89, Bias(-3.54,-2.74), N=54","IN1: RMSE 29.34, Bias(16.97,-6.46), N=229
IN2: RMSE 29.08, Bias(21.62,3.03), N=227
IN3: RMSE 17.83, Bias(7.23,3.01), N=229
OUT1: RMSE 23.22, Bias(7.41,-4.84), N=226
OUT2: RMSE 32.5, Bias(-6.6,-15.35), N=227
OUT3: RMSE 43.0, Bias(-6.87,-24.28), N=228",30-40m: -69.91 | 40-50m: -29.53 | 50-60m: -6.82 | 60-70m: -2.61 | 70-80m: -3.76 | 80-90m: -3.8 | 90-100m: -5.11 | 100-110m: -2.74
2/24/26 14:52,28,100,bottom,0,"{
    ""R"": [[0.9993599416530095, -0.021821527795829004, 0.028346568468676555],
          [0.02464051595047305, -0.15455039830488995, -0.98767758876948],
          [0.02593360740406148, 0.9877438915571465, -0.15391378332870728]],
    ""t"": [0.08, 0.0, -0.08]
}",33.0,35.53,33.04,22.24,21.16,0.138,0.162,7.38,4.74,-12.55,"30-40m: RMSE 71.3, Bias(-3.52,-60.08), N=22
40-50m: RMSE 50.46, Bias(3.35,-36.22), N=302
50-60m: RMSE 36.42, Bias(7.86,-11.9), N=426
60-70m: RMSE 33.96, Bias(8.66,-8.25), N=372
70-80m: RMSE 32.05, Bias(4.69,-5.69), N=243
80-90m: RMSE 24.45, Bias(1.27,-1.44), N=224
90-100m: RMSE 22.41, Bias(0.88,-4.38), N=224
100-110m: RMSE 24.9, Bias(-4.98,-6.45), N=55","IN1: RMSE 39.47, Bias(23.59,-12.61), N=314
IN2: RMSE 29.98, Bias(21.24,5.66), N=311
IN3: RMSE 24.05, Bias(9.12,-2.13), N=317
OUT1: RMSE 30.67, Bias(-1.31,-16.39), N=304
OUT2: RMSE 43.99, Bias(-16.13,-24.36), N=310
OUT3: RMSE 42.62, Bias(-8.52,-25.75), N=312",30-40m: -60.08 | 40-50m: -36.22 | 50-60m: -11.9 | 60-70m: -8.25 | 70-80m: -5.69 | 80-90m: -1.44 | 90-100m: -4.38 | 100-110m: -6.45
2/24/26 14:56,29,100,bottom,0,"{
    ""R"": [[0.9995948324242232, -0.022437579469727423, 0.01751359524281149],
          [0.013744716509547436, -0.15830298940417672, -0.9872949135459849],
          [0.024924962564897426, 0.9871356130609615, -0.15793045199674952]],
    ""t"": [0.08, 0.0, -0.08]
}",32.0,39.45,38.49,23.9,23.0,0.142,0.209,7.18,2.47,-20.99,"30-40m: RMSE 79.33, Bias(-3.55,-65.8), N=18
40-50m: RMSE 60.18, Bias(-0.67,-48.69), N=290
50-60m: RMSE 40.6, Bias(6.88,-21.94), N=405
60-70m: RMSE 35.76, Bias(6.46,-14.97), N=348
70-80m: RMSE 32.88, Bias(2.48,-12.61), N=266
80-90m: RMSE 25.5, Bias(-0.54,-9.6), N=234
90-100m: RMSE 26.52, Bias(-1.75,-13.5), N=226
100-110m: RMSE 27.77, Bias(-5.01,-13.33), N=68","IN1: RMSE 36.19, Bias(21.55,-15.36), N=310
IN2: RMSE 26.82, Bias(17.62,-1.41), N=310
IN3: RMSE 27.27, Bias(3.2,-10.69), N=308
OUT1: RMSE 46.8, Bias(-7.69,-33.21), N=309
OUT2: RMSE 48.89, Bias(-11.5,-31.43), N=309
OUT3: RMSE 45.92, Bias(-8.45,-33.86), N=310",30-40m: -65.8 | 40-50m: -48.69 | 50-60m: -21.94 | 60-70m: -14.97 | 70-80m: -12.61 | 80-90m: -9.6 | 90-100m: -13.5 | 100-110m: -13.33
2/24/26 15:00,30,100,bottom,-1,"{
    ""R"": [[1, 0.0, 0.0],
          [0.0, 0.0, -1.0],
          [0.0, 1.0, 0.0]],
    ""t"": [0.08, 0.0, -0.08]
}",,,,,,,,,,,,,
2/24/26 15:04,31,100,bottom,0,"{
    ""R"": [[0.9980052017469886, -0.021973415265408844, -0.05918434174278133],
          [-0.06196241084767053, -0.16133129539588742, -0.9849532337973353],
          [0.012094499902720048, 0.9866556553060742, -0.16237099779407776]],
    ""t"": [0.22023895382881165, 0.48382192850112915, -1.4539096355438232]
}",30.0,43.14,40.44,24.04,23.23,0.162,0.23,8.9,13.9,-17.84,"30-40m: RMSE 82.5, Bias(19.21,-71.1), N=13
40-50m: RMSE 58.56, Bias(22.47,-31.79), N=269
50-60m: RMSE 50.11, Bias(22.35,-21.4), N=312
60-70m: RMSE 41.9, Bias(14.31,-10.67), N=248
70-80m: RMSE 37.16, Bias(10.58,-12.79), N=174
80-90m: RMSE 28.51, Bias(6.66,-8.01), N=161
90-100m: RMSE 28.54, Bias(0.51,-11.91), N=175
100-110m: RMSE 30.8, Bias(-8.9,-10.26), N=44","IN1: RMSE 40.12, Bias(31.64,8.78), N=233
IN2: RMSE 30.77, Bias(20.61,8.86), N=233
IN3: RMSE 24.34, Bias(8.4,-0.18), N=234
OUT1: RMSE 49.77, Bias(5.66,-34.69), N=231
OUT2: RMSE 57.78, Bias(3.25,-44.27), N=233
OUT3: RMSE 55.08, Bias(13.82,-45.78), N=233",30-40m: -71.1 | 40-50m: -31.79 | 50-60m: -21.4 | 60-70m: -10.67 | 70-80m: -12.79 | 80-90m: -8.01 | 90-100m: -11.91 | 100-110m: -10.26
2/24/26 15:08,32,100,bottom,0,"{
    ""R"": [[0.9944791592016533, -0.03300045981479315, -0.09961009770893431],
          [-0.10369690246565225, -0.16371503807652285, -0.9810424754956492],
          [0.016067181849974813, 0.9859555547587396, -0.16623323887774377]],
    ""t"": [0.08, 0.0, -0.08]
}",21.0,39.25,35.9,25.07,23.37,0.223,0.169,8.61,-16.25,-5.84,"40-50m: RMSE 36.46, Bias(0.01,-18.25), N=146
50-60m: RMSE 40.56, Bias(-2.71,-5.23), N=261
60-70m: RMSE 37.08, Bias(-17.55,-1.39), N=212
70-80m: RMSE 36.51, Bias(-21.07,-0.21), N=154
80-90m: RMSE 44.58, Bias(-35.88,-3.29), N=142
90-100m: RMSE 43.83, Bias(-31.99,-8.65), N=123
100-110m: RMSE 42.04, Bias(-20.94,-14.04), N=21","IN1: RMSE 27.97, Bias(-4.37,-1.4), N=178
IN2: RMSE 24.39, Bias(-6.48,7.43), N=177
IN3: RMSE 32.72, Bias(-25.44,9.64), N=180
OUT1: RMSE 43.05, Bias(-35.04,-2.44), N=176
OUT2: RMSE 51.73, Bias(-31.66,-27.35), N=176
OUT3: RMSE 50.43, Bias(5.28,-21.23), N=178",40-50m: -18.25 | 50-60m: -5.23 | 60-70m: -1.39 | 70-80m: -0.21 | 80-90m: -3.29 | 90-100m: -8.65 | 100-110m: -14.04
2/24/26 15:12,33,100,bottom,0,"{
    ""R"": [[0.9982693597429532, -0.018718880293678658, 0.05574844319750645],
          [0.05211564011809511, -0.15758173825300123, -0.9861297865008664],
          [0.02724418201150242, 0.9873285163965, -0.15633347452420593]],
    ""t"": [0.08, 0.0, -0.08]
}",31.0,39.97,38.51,23.47,22.44,0.163,0.184,5.94,14.77,-19.88,"30-40m: RMSE 68.76, Bias(2.28,-57.78), N=24
40-50m: RMSE 55.8, Bias(9.33,-44.11), N=306
50-60m: RMSE 42.04, Bias(18.6,-18.36), N=449
60-70m: RMSE 40.72, Bias(18.67,-16.27), N=397
70-80m: RMSE 34.97, Bias(13.21,-13.14), N=260
80-90m: RMSE 27.36, Bias(12.93,-8.71), N=219
90-100m: RMSE 29.14, Bias(14.74,-11.65), N=200
100-110m: RMSE 24.56, Bias(5.55,-13.21), N=54","IN1: RMSE 53.38, Bias(34.55,-27.6), N=320
IN2: RMSE 37.57, Bias(27.64,-8.22), N=317
IN3: RMSE 34.09, Bias(19.38,-14.09), N=318
OUT1: RMSE 37.55, Bias(5.7,-24.59), N=318
OUT2: RMSE 39.51, Bias(-3.81,-22.15), N=317
OUT3: RMSE 40.79, Bias(5.03,-22.55), N=319",30-40m: -57.78 | 40-50m: -44.11 | 50-60m: -18.36 | 60-70m: -16.27 | 70-80m: -13.14 | 80-90m: -8.71 | 90-100m: -11.65 | 100-110m: -13.21
2/24/26 15:15,34,100,bottom,0,"{
    ""R"": [[0.9994276374468019, -0.024198269910392235, -0.023639823198326165],
          [-0.02714268931796645, -0.1565200791269199, -0.9873017468062594],
          [0.020190887154671315, 0.987378300634284, -0.15708729901701415]],
    ""t"": [-0.19035270810127258, 0.56052565574646, -0.9586005806922913]
}",30.0,36.17,32.37,22.28,20.46,0.164,0.15,5.98,-21.29,-8.45,"30-40m: RMSE 68.89, Bias(-27.89,-53.77), N=33
40-50m: RMSE 49.87, Bias(-23.85,-19.06), N=312
50-60m: RMSE 39.94, Bias(-18.51,-6.81), N=345
60-70m: RMSE 36.29, Bias(-18.64,-5.88), N=267
70-80m: RMSE 36.82, Bias(-20.64,-4.23), N=166
80-90m: RMSE 31.01, Bias(-20.97,2.45), N=144
90-100m: RMSE 34.37, Bias(-24.34,-1.23), N=164
100-110m: RMSE 37.73, Bias(-31.2,-5.25), N=30","IN1: RMSE 23.87, Bias(1.12,15.77), N=245
IN2: RMSE 27.44, Bias(-16.47,4.31), N=247
IN3: RMSE 35.5, Bias(-27.05,-3.57), N=240
OUT1: RMSE 48.67, Bias(-32.96,-16.11), N=243
OUT2: RMSE 48.94, Bias(-29.69,-19.88), N=242
OUT3: RMSE 51.67, Bias(-23.04,-31.54), N=244",30-40m: -53.77 | 40-50m: -19.06 | 50-60m: -6.81 | 60-70m: -5.88 | 70-80m: -4.23 | 80-90m: 2.45 | 90-100m: -1.23 | 100-110m: -5.25
2/24/26 15:19,35,100,bottom,0,"{
    ""R"": [[0.9980564372862921, -0.023221730250791408, 0.05782818720616823],
          [0.05363413266140846, -0.15238715789159535, -0.9868644962320716],
          [0.03172897421995572, 0.988048027857898, -0.15084550653257103]],
    ""t"": [0.08, 0.0, -0.08]
}",30.0,33.06,28.3,22.9,21.61,0.126,0.143,6.49,1.24,-7.15,"30-40m: RMSE 67.16, Bias(-14.55,-56.08), N=30
40-50m: RMSE 46.05, Bias(-8.92,-30.89), N=309
50-60m: RMSE 31.7, Bias(-0.91,-3.07), N=392
60-70m: RMSE 26.74, Bias(5.02,1.5), N=337
70-80m: RMSE 26.22, Bias(8.33,4.53), N=183
80-90m: RMSE 22.51, Bias(9.28,0.45), N=143
90-100m: RMSE 20.83, Bias(7.02,-1.74), N=162
100-110m: RMSE 26.53, Bias(-3.6,-2.65), N=43","IN1: RMSE 37.37, Bias(12.76,-15.39), N=268
IN2: RMSE 31.28, Bias(23.53,2.14), N=265
IN3: RMSE 18.28, Bias(3.64,3.93), N=267
OUT1: RMSE 22.32, Bias(-1.8,-1.64), N=266
OUT2: RMSE 42.49, Bias(-12.73,-22.7), N=267
OUT3: RMSE 38.13, Bias(-17.95,-9.12), N=266",30-40m: -56.08 | 40-50m: -30.89 | 50-60m: -3.07 | 60-70m: 1.5 | 70-80m: 4.53 | 80-90m: 0.45 | 90-100m: -1.74 | 100-110m: -2.65
2/24/26 15:23,36,100,bottom,0,"{
    ""R"": [[0.9913189692307415, -0.022323647747822094, 0.1295698884561205],
          [0.12483606995725145, -0.14947167614496304, -0.9808537983145315],
          [0.0412632630911394, 0.98851397197088, -0.145387311473268]],
    ""t"": [0.08, 0.0, -0.08]
}",26.0,31.91,30.97,20.78,20.8,0.16,0.122,8.98,11.93,-4.85,"30-40m: RMSE 40.26, Bias(-18.42,-25.08), N=35
40-50m: RMSE 36.84, Bias(-5.3,-19.25), N=212
50-60m: RMSE 32.35, Bias(11.29,-3.21), N=287
60-70m: RMSE 30.06, Bias(15.41,-1.39), N=263
70-80m: RMSE 34.14, Bias(25.69,1.11), N=167
80-90m: RMSE 26.79, Bias(18.65,0.4), N=160
90-100m: RMSE 25.81, Bias(16.37,-2.63), N=171
100-110m: RMSE 24.36, Bias(8.23,-0.71), N=41","IN1: RMSE 37.63, Bias(15.12,-23.57), N=224
IN2: RMSE 34.63, Bias(28.43,-1.46), N=223
IN3: RMSE 28.42, Bias(22.79,4.17), N=224
OUT1: RMSE 29.15, Bias(13.87,-4.28), N=220
OUT2: RMSE 23.5, Bias(6.78,0.12), N=222
OUT3: RMSE 33.83, Bias(-15.48,-3.97), N=223",30-40m: -25.08 | 40-50m: -19.25 | 50-60m: -3.21 | 60-70m: -1.39 | 70-80m: 1.11 | 80-90m: 0.4 | 90-100m: -2.63 | 100-110m: -0.71
2/24/26 15:27,37,100,bottom,0,"{
    ""R"": [[0.9993893937917216, -0.027748574363422568, 0.02123337461198552],
          [0.01669262061062137, -0.15468807629557402, -0.9878223299101537],
          [0.030695211251352533, 0.9875736001295153, -0.15413042637150706]],
    ""t"": [0.34861063957214355, 0.6252358555793762, -1.6655197143554688]
}",30.0,28.89,26.57,21.85,21.42,0.131,0.118,6.31,5.6,-0.18,"30-40m: RMSE 47.3, Bias(7.57,-29.82), N=32
40-50m: RMSE 32.88, Bias(9.85,-7.75), N=298
