timestamp,iter_idx,iterations_total,bbox_ref_mode,calib_exit_code,Rt_multiline,valid_tracks,rmse_abs_mean,rmse_abs_median,rmse_db_mean,rmse_db_median,ru_abs_mean,rv_abs_mean,angle_diff_mean_deg,global_bias_u,global_bias_v,distance_bins_text,lane_rmse_text,distance_bias_v_text
2026-02-26T17:32:12,1,100,bottom,0,"{
    ""R"": [[0.9879875463929091, -0.03617347917376009, -0.15024009976362593],
          [-0.15423465845998877, -0.1703873648457061, -0.973231635342104],
          [0.009606159599412026, 0.9847129659476421, -0.17391979873593708]],
    ""t"": [0.08, 0.0, -0.08]
}",18.0,47.08,44.36,26.61,27.15,0.273,0.182,13.11,-18.09,-15.55,"30-40m: RMSE 78.51, Bias(64.03,-39.64), N=12
40-50m: RMSE 50.11, Bias(3.86,-30.99), N=147
50-60m: RMSE 41.67, Bias(-6.59,-10.69), N=235
60-70m: RMSE 44.53, Bias(-32.43,-11.93), N=207
70-80m: RMSE 51.41, Bias(-34.67,-16.0), N=127
80-90m: RMSE 51.43, Bias(-33.72,-11.21), N=103
90-100m: RMSE 45.78, Bias(-26.8,-11.04), N=64
100-110m: RMSE 40.16, Bias(2.34,-16.4), N=16","IN1: RMSE 32.88, Bias(-13.1,-9.23), N=153
IN2: RMSE 30.82, Bias(-21.47,-2.28), N=153
IN3: RMSE 47.69, Bias(-43.43,-7.53), N=151
OUT1: RMSE 47.02, Bias(-22.14,-10.13), N=150
OUT2: RMSE 61.36, Bias(-30.94,-43.98), N=153
OUT3: RMSE 55.65, Bias(22.65,-20.02), N=151","30-40m: -39.64
40-50m: -30.99
50-60m: -10.69
60-70m: -11.93
70-80m: -16.0
80-90m: -11.21
90-100m: -11.04
100-110m: -16.4"
2026-02-26T17:33:36,2,100,bottom,0,"{
    ""R"": [[0.9866299151056479, -0.03294532470304789, -0.15961208036622312],
          [-0.16287718161147816, -0.1650999713762262, -0.9727348164643186],
          [0.005695114478613749, 0.9857264351896933, -0.16825861237777817]],
    ""t"": [0.08, 0.0, -0.08]
}",21.0,38.37,36.87,25.25,25.7,0.229,0.153,13.09,-14.19,-5.03,"40-50m: RMSE 42.61, Bias(11.15,-19.14), N=148
50-60m: RMSE 40.14, Bias(1.23,-2.44), N=228
60-70m: RMSE 34.03, Bias(-20.83,0.63), N=204
70-80m: RMSE 40.61, Bias(-24.44,-4.91), N=148
80-90m: RMSE 45.55, Bias(-35.51,-4.34), N=115
90-100m: RMSE 44.76, Bias(-39.61,-1.14), N=87
100-110m: RMSE 35.06, Bias(-6.51,-7.32), N=21","IN1: RMSE 28.09, Bias(2.45,9.31), N=161
IN2: RMSE 24.81, Bias(-11.46,9.85), N=158
IN3: RMSE 44.22, Bias(-36.91,5.48), N=163
OUT1: RMSE 37.26, Bias(-12.36,-13.62), N=156
OUT2: RMSE 54.31, Bias(-34.29,-30.77), N=163
OUT3: RMSE 45.27, Bias(8.79,-10.41), N=156","40-50m: -19.14
50-60m: -2.44
60-70m: 0.63
70-80m: -4.91
80-90m: -4.34
90-100m: -1.14
100-110m: -7.32"
2026-02-26T17:35:00,3,100,bottom,0,"{
    ""R"": [[0.9993837612759613, -0.026217923435928138, 0.023339198542734932],
          [0.0190020838885924, -0.15495696659583308, -0.9877384569365052],
          [0.02951302264764344, 0.9875732676587211, -0.15436328093194335]],
    ""t"": [0.2747745215892792, 0.5501556992530823, -1.1808946132659912]
}",24.0,24.17,24.26,18.71,19.29,0.115,0.117,7.76,1.14,5.71,"30-40m: RMSE 34.46, Bias(-10.32,-20.85), N=9
40-50m: RMSE 27.74, Bias(9.39,-0.58), N=213
50-60m: RMSE 25.38, Bias(3.8,9.94), N=244
60-70m: RMSE 24.21, Bias(6.92,9.3), N=203
70-80m: RMSE 21.19, Bias(-0.68,8.2), N=148
80-90m: RMSE 17.37, Bias(-7.66,5.94), N=106
90-100m: RMSE 23.75, Bias(-12.62,0.88), N=115
100-110m: RMSE 30.54, Bias(-20.28,5.05), N=32","IN1: RMSE 25.87, Bias(11.88,10.82), N=179
IN2: RMSE 21.17, Bias(6.89,10.94), N=178
IN3: RMSE 24.78, Bias(3.64,9.0), N=180
OUT1: RMSE 23.84, Bias(-10.71,5.6), N=176
OUT2: RMSE 26.08, Bias(-2.82,-0.16), N=178
OUT3: RMSE 25.08, Bias(-2.21,-1.99), N=179","30-40m: -20.85
40-50m: -0.58
50-60m: 9.94
60-70m: 9.3
70-80m: 8.2
80-90m: 5.94
90-100m: 0.88
100-110m: 5.05"
2026-02-26T17:36:24,4,100,bottom,-1,"{
    ""R"": [[0.8654625854241129, -0.05030506813105476, -0.498441484380403],
          [-0.5004292307222469, -0.1331790501694765, -0.8554729251324649],
          [-0.023347339671784845, 0.989814498134012, -0.14043561163025667]],
    ""t"": [0.08, 0.0, -0.08]
}",9.0,57.25,58.65,36.57,33.32,0.287,0.197,27.53,-9.29,-17.59,"30-40m: RMSE 51.58, Bias(20.57,-34.42), N=15
40-50m: RMSE 56.9, Bias(5.06,-21.44), N=27
50-60m: RMSE 54.06, Bias(-23.46,-28.13), N=62
60-70m: RMSE 56.22, Bias(-27.88,-6.46), N=44
70-80m: RMSE 44.95, Bias(-5.64,9.37), N=14
80-90m: RMSE 72.56, Bias(-38.06,-30.37), N=16
90-100m: RMSE 67.31, Bias(15.58,-9.21), N=31
100-110m: RMSE 49.25, Bias(19.81,-11.43), N=15","IN1: RMSE 63.86, Bias(50.88,-12.8), N=38
IN2: RMSE 73.1, Bias(-40.28,-38.53), N=37
IN3: RMSE 51.01, Bias(-38.55,-6.0), N=38
OUT1: RMSE 54.52, Bias(-24.73,-8.9), N=38
OUT2: RMSE 40.11, Bias(-22.93,-0.56), N=36
OUT3: RMSE 55.69, Bias(18.35,-38.37), N=38","30-40m: -34.42
40-50m: -21.44
50-60m: -28.13
60-70m: -6.46
70-80m: 9.37
80-90m: -30.37
90-100m: -9.21
100-110m: -11.43"
2026-02-26T17:37:48,5,100,bottom,0,"{
    ""R"": [[0.9992511593146024, -0.02269864884473954, 0.031335155162289574],
          [0.02746365973046116, -0.1543880030362576, -0.9876285191875971],
          [0.02725560497642664, 0.9877495208093496, -0.1536490030500336]],
    ""t"": [0.08, 0.0, -0.08]
}",26.0,29.13,26.05,20.16,20.01,0.13,0.133,7.16,5.9,-7.52,"30-40m: RMSE 51.2, Bias(-18.04,-39.51), N=6
40-50m: RMSE 42.43, Bias(8.41,-28.02), N=172
50-60m: RMSE 32.7, Bias(5.99,-7.19), N=340
60-70m: RMSE 30.59, Bias(12.54,-3.38), N=313
70-80m: RMSE 28.2, Bias(5.44,-4.69), N=226
80-90m: RMSE 22.28, Bias(1.01,-2.97), N=169
90-100m: RMSE 22.31, Bias(0.54,-3.99), N=167
100-110m: RMSE 25.91, Bias(-5.41,-1.45), N=51","IN1: RMSE 29.12, Bias(18.09,-5.34), N=241
IN2: RMSE 24.8, Bias(17.79,4.47), N=243
IN3: RMSE 23.19, Bias(8.67,1.73), N=238
OUT1: RMSE 29.38, Bias(8.49,-11.04), N=244
OUT2: RMSE 28.48, Bias(-5.7,-9.68), N=237
OUT3: RMSE 44.55, Bias(-12.26,-25.26), N=241","30-40m: -39.51
40-50m: -28.02
50-60m: -7.19
60-70m: -3.38
70-80m: -4.69
80-90m: -2.97
90-100m: -3.99
100-110m: -1.45"
2026-02-26T17:39:12,6,100,bottom,0,"{
    ""R"": [[0.9996814479748679, -0.024477997487934843, -0.006150627110512452],
          [-0.009834638028681102, -0.15335969992737897, -0.9881214916866395],
          [0.0232439770632465, 0.987867212775667, -0.15355157912935385]],
    ""t"": [0.400187611579895, 0.5952765345573425, -1.157133936882019]
}",24.0,32.32,29.58,20.38,19.59,0.15,0.129,5.29,16.43,0.69,"30-40m: RMSE 37.82, Bias(7.59,-23.05), N=10
40-50m: RMSE 44.99, Bias(30.12,-0.92), N=200
50-60m: RMSE 37.58, Bias(21.52,1.53), N=224
60-70m: RMSE 35.62, Bias(17.49,-1.33), N=172
70-80m: RMSE 29.23, Bias(8.82,1.48), N=144
80-90m: RMSE 23.9, Bias(2.87,3.72), N=109
90-100m: RMSE 23.09, Bias(3.05,3.54), N=68
100-110m: RMSE 18.25, Bias(-4.74,4.36), N=23","IN1: RMSE 39.66, Bias(30.78,14.34), N=159
IN2: RMSE 34.61, Bias(21.26,9.93), N=161
IN3: RMSE 25.08, Bias(11.21,7.31), N=156
OUT1: RMSE 31.0, Bias(16.31,-0.59), N=157
OUT2: RMSE 26.37, Bias(1.89,-1.28), N=158
OUT3: RMSE 48.96, Bias(16.89,-25.59), N=159","30-40m: -23.05
40-50m: -0.92
50-60m: 1.53
60-70m: -1.33
70-80m: 1.48
80-90m: 3.72
90-100m: 3.54
100-110m: 4.36"
2026-02-26T17:40:36,7,100,bottom,-1,"{
    ""R"": [[0.9556708020319065, -0.029844018588090902, -0.29292089836371454],
          [-0.29395042950669587, -0.1538933853151422, -0.9433503966973638],
          [-0.01692522190462602, 0.9876366540943885, -0.15584407705370243]],
    ""t"": [0.13173151016235352, 0.2337704300880432, -1.7328163385391235]
}",14.0,39.62,36.55,28.64,29.09,0.206,0.144,16.81,-3.96,-6.91,"40-50m: RMSE 39.83, Bias(24.23,4.31), N=64
50-60m: RMSE 38.89, Bias(0.3,-4.48), N=81
60-70m: RMSE 43.92, Bias(-20.41,-10.57), N=69
70-80m: RMSE 49.42, Bias(-13.64,-13.35), N=77
80-90m: RMSE 48.34, Bias(-16.36,-9.95), N=71
90-100m: RMSE 33.51, Bias(1.41,-7.89), N=40
100-110m: RMSE 35.56, Bias(22.64,-1.0), N=15","IN1: RMSE 49.84, Bias(15.1,-14.34), N=70
IN2: RMSE 44.81, Bias(-10.26,0.51), N=70
IN3: RMSE 33.81, Bias(20.43,2.38), N=70
OUT1: RMSE 28.32, Bias(-8.69,1.61), N=72
OUT2: RMSE 47.88, Bias(-32.74,2.66), N=66
OUT3: RMSE 49.86, Bias(-9.16,-34.37), N=69","40-50m: 4.31
50-60m: -4.48
60-70m: -10.57
70-80m: -13.35
80-90m: -9.95
90-100m: -7.89
100-110m: -1.0"
2026-02-26T17:42:00,8,100,bottom,0,"{
    ""R"": [[0.9964002525086655, -0.02695092404799989, -0.08037527289922708],
          [-0.0837083294579115, -0.16296999835988757, -0.983073596031316],
          [0.013395983727671819, 0.986262859144324, -0.1646393643465339]],
    ""t"": [0.22741520404815674, 0.4757131338119507, -1.632193684577942]
}",22.0,32.96,27.72,22.98,23.4,0.159,0.174,9.93,-4.24,-6.27,"40-50m: RMSE 41.4, Bias(10.68,-12.66), N=150
50-60m: RMSE 37.63, Bias(1.31,-10.05), N=222
60-70m: RMSE 28.32, Bias(0.52,0.16), N=196
70-80m: RMSE 29.22, Bias(-11.43,-5.92), N=165
80-90m: RMSE 32.38, Bias(-14.53,-4.27), N=159
90-100m: RMSE 30.53, Bias(-15.47,-4.8), N=108
100-110m: RMSE 29.91, Bias(-16.09,-6.3), N=31","IN1: RMSE 26.63, Bias(11.03,10.3), N=172
IN2: RMSE 21.26, Bias(0.5,7.98), N=172
IN3: RMSE 25.12, Bias(-17.36,5.39), N=172
OUT1: RMSE 28.69, Bias(-0.28,-9.09), N=171
OUT2: RMSE 37.83, Bias(-17.38,-14.73), N=172
OUT3: RMSE 52.25, Bias(-1.94,-37.49), N=172","40-50m: -12.66
50-60m: -10.05
60-70m: 0.16
70-80m: -5.92
80-90m: -4.27
90-100m: -4.8
100-110m: -6.3"
2026-02-26T17:43:24,9,100,bottom,0,"{
    ""R"": [[0.9907437650049056, -0.029858878153493855, 0.13242069135645185],
          [0.12645408506584085, -0.15168772328293093, -0.9803061761385586],
          [0.04935743585385005, 0.9879773691743435, -0.14650788895236047]],
    ""t"": [0.31831443309783936, 0.5009660720825195, -1.2955741882324219]
}",23.0,24.26,23.77,18.34,18.59,0.111,0.11,6.56,-7.25,1.74,"30-40m: RMSE 35.88, Bias(-19.4,1.22), N=14
40-50m: RMSE 28.29, Bias(-10.65,-2.55), N=181
50-60m: RMSE 25.79, Bias(-8.43,3.19), N=239
60-70m: RMSE 21.71, Bias(-4.13,3.54), N=229
70-80m: RMSE 22.9, Bias(-3.43,3.42), N=167
80-90m: RMSE 18.71, Bias(-7.24,0.57), N=131
90-100m: RMSE 19.9, Bias(-8.4,0.39), N=142
100-110m: RMSE 24.95, Bias(-10.92,4.15), N=35","IN1: RMSE 26.68, Bias(-10.42,-8.0), N=191
IN2: RMSE 17.12, Bias(2.55,4.44), N=190
IN3: RMSE 18.83, Bias(-10.03,1.71), N=188
OUT1: RMSE 22.06, Bias(-3.7,5.03), N=190
OUT2: RMSE 24.85, Bias(-9.01,2.66), N=189
OUT3: RMSE 30.25, Bias(-12.93,4.61), N=190","30-40m: 1.22
40-50m: -2.55
50-60m: 3.19
60-70m: 3.54
70-80m: 3.42
80-90m: 0.57
90-100m: 0.39
100-110m: 4.15"
2026-02-26T17:44:48,10,100,bottom,0,"{
    ""R"": [[0.9901170855818978, -0.03097321932950733, 0.13678017591440203],
          [0.1305932134801386, -0.1519058010671612, -0.9797295750333737],
          [0.051123081203498316, 0.987909554203476, -0.14635963679153527]],
    ""t"": [0.2617289423942566, 0.5688779950141907, -1.5259647369384766]
}",22.0,28.08,28.23,19.04,18.96,0.144,0.113,5.68,-15.3,1.99,"30-40m: RMSE 38.26, Bias(-24.15,9.21), N=12
40-50m: RMSE 34.42, Bias(-19.88,-4.28), N=177
50-60m: RMSE 29.0, Bias(-15.61,3.5), N=226
60-70m: RMSE 25.57, Bias(-13.31,4.64), N=244
70-80m: RMSE 26.03, Bias(-12.28,4.77), N=185
80-90m: RMSE 23.64, Bias(-14.26,0.22), N=133
90-100m: RMSE 24.52, Bias(-16.08,-0.21), N=145
100-110m: RMSE 28.06, Bias(-17.63,3.96), N=36","IN1: RMSE 34.04, Bias(-19.91,-9.72), N=193
IN2: RMSE 19.38, Bias(-7.08,4.61), N=193
IN3: RMSE 23.85, Bias(-17.63,1.06), N=194
OUT1: RMSE 26.3, Bias(-13.28,5.27), N=194
OUT2: RMSE 29.17, Bias(-17.57,2.64), N=191
OUT3: RMSE 31.29, Bias(-16.36,8.04), N=193","30-40m: 9.21
40-50m: -4.28
50-60m: 3.5
60-70m: 4.64
70-80m: 4.77
80-90m: 0.22
90-100m: -0.21
100-110m: 3.96"
2026-02-26T17:46:13,11,100,bottom,0,"{
    ""R"": [[0.993994575212877, -0.02538011227139155, 0.10644545245553363],
          [0.10132730988803625, -0.15385270130008002, -0.9828845927032951],
          [0.04132264171402412, 0.9877677845545274, -0.1503570519730103]],
    ""t"": [0.08, 0.0, -0.08]
}",24.0,29.91,30.23,20.99,20.63,0.128,0.143,7.08,-1.67,-11.41,"40-50m: RMSE 44.47, Bias(-10.21,-26.02), N=157
50-60m: RMSE 31.11, Bias(-5.19,-11.05), N=309
60-70m: RMSE 24.99, Bias(3.2,-8.93), N=279
70-80m: RMSE 24.35, Bias(3.59,-8.29), N=183
80-90m: RMSE 23.06, Bias(-2.4,-7.4), N=147
90-100m: RMSE 21.87, Bias(-1.05,-10.9), N=139
100-110m: RMSE 26.96, Bias(3.25,-6.21), N=45","IN1: RMSE 33.02, Bias(4.87,-23.78), N=211
IN2: RMSE 22.51, Bias(9.73,-9.18), N=211
IN3: RMSE 21.49, Bias(-1.55,-6.15), N=210
OUT1: RMSE 32.58, Bias(3.23,-16.08), N=209
OUT2: RMSE 26.27, Bias(-7.11,-9.61), N=210
OUT3: RMSE 36.08, Bias(-19.23,-3.65), N=210","40-50m: -26.02
50-60m: -11.05
60-70m: -8.93
70-80m: -8.29
80-90m: -7.4
90-100m: -10.9
100-110m: -6.21"
2026-02-26T17:47:38,12,100,bottom,0,"{
    ""R"": [[0.9994349684854965, -0.02312436890677558, 0.02439277210691405],
          [0.020582909416254368, -0.15266685208340675, -0.9880633462055489],
          [0.026572309052070697, 0.9880071334953038, -0.15210462371024344]],
    ""t"": [0.08, 0.0, -0.08]
}",27.0,28.52,26.48,20.14,19.28,0.13,0.129,8.04,4.68,-3.79,"30-40m: RMSE 45.12, Bias(-21.4,-27.42), N=7
40-50m: RMSE 40.87, Bias(9.96,-22.5), N=195
50-60m: RMSE 31.14, Bias(5.67,-1.88), N=343
60-70m: RMSE 29.78, Bias(10.14,0.95), N=288
70-80m: RMSE 27.43, Bias(5.25,-1.18), N=203
80-90m: RMSE 21.83, Bias(-1.98,-0.84), N=149
90-100m: RMSE 22.31, Bias(-3.04,-0.86), N=157
100-110m: RMSE 26.37, Bias(-9.02,3.55), N=49","IN1: RMSE 29.78, Bias(19.81,-0.7), N=233
IN2: RMSE 23.23, Bias(12.6,8.37), N=232
IN3: RMSE 27.2, Bias(12.05,2.45), N=231
OUT1: RMSE 24.74, Bias(1.71,-3.09), N=231
OUT2: RMSE 30.57, Bias(-5.43,-9.57), N=232
OUT3: RMSE 41.67, Bias(-12.71,-20.2), N=232","30-40m: -27.42
40-50m: -22.5
50-60m: -1.88
60-70m: 0.95
70-80m: -1.18
80-90m: -0.84
90-100m: -0.86
100-110m: 3.55"
2026-02-26T17:49:02,13,100,bottom,0,"{
    ""R"": [[0.9993462437990575, -0.028288506543243313, -0.02251322727346532],
          [-0.026905232563215743, -0.1659649998936693, -0.985764539467217],
          [0.024149398862769286, 0.985725813402412, -0.1666176080932613]],
    ""t"": [0.08, 0.0, -0.08]
}",25.0,44.45,40.8,24.51,22.16,0.162,0.286,11.12,-7.77,-30.63,"40-50m: RMSE 60.88, Bias(-0.64,-51.03), N=103
50-60m: RMSE 46.3, Bias(-7.24,-34.66), N=278
60-70m: RMSE 38.66, Bias(-6.14,-29.38), N=245
70-80m: RMSE 39.4, Bias(-9.62,-27.51), N=179
80-90m: RMSE 39.52, Bias(-14.51,-22.3), N=142
90-100m: RMSE 36.4, Bias(-9.05,-22.98), N=135
100-110m: RMSE 35.33, Bias(-4.8,-25.68), N=26","IN1: RMSE 38.9, Bias(-1.09,-29.81), N=186
IN2: RMSE 32.7, Bias(1.1,-26.15), N=185
IN3: RMSE 35.94, Bias(-20.59,-23.61), N=186
OUT1: RMSE 45.71, Bias(-6.28,-36.51), N=186
OUT2: RMSE 48.43, Bias(-16.08,-32.23), N=184
OUT3: RMSE 53.29, Bias(-3.75,-35.44), N=186","40-50m: -51.03
50-60m: -34.66
60-70m: -29.38
70-80m: -27.51
80-90m: -22.3
90-100m: -22.98
100-110m: -25.68"
2026-02-26T17:50:26,14,100,bottom,0,"{
    ""R"": [[0.9982920516211119, -0.027151240929814337, 0.051728036750709167],
          [0.04692368781034285, -0.15480753796166466, -0.9868296680342179],
          [0.034801540086453385, 0.9875714841499929, -0.15326909832510938]],
    ""t"": [0.2596956491470337, 0.4575997591018677, -1.590327262878418]
}",25.0,23.06,20.87,18.92,17.85,0.108,0.113,5.41,-5.2,1.95,"30-40m: RMSE 39.64, Bias(-16.31,-25.13), N=9
40-50m: RMSE 27.6, Bias(-1.49,-9.79), N=233
50-60m: RMSE 24.23, Bias(-4.8,5.9), N=303
60-70m: RMSE 20.92, Bias(-0.43,7.56), N=271
70-80m: RMSE 20.82, Bias(-5.29,5.66), N=188
80-90m: RMSE 20.35, Bias(-11.2,1.85), N=136
90-100m: RMSE 21.19, Bias(-11.0,-0.68), N=145
100-110m: RMSE 27.32, Bias(-16.32,0.91), N=45","IN1: RMSE 22.17, Bias(-1.71,-0.07), N=222
IN2: RMSE 17.96, Bias(1.94,6.86), N=222
IN3: RMSE 19.84, Bias(-6.79,6.87), N=221
OUT1: RMSE 21.57, Bias(-5.75,2.46), N=223
OUT2: RMSE 29.92, Bias(-12.25,-4.09), N=220
OUT3: RMSE 26.52, Bias(-6.69,-0.38), N=222","30-40m: -25.13
40-50m: -9.79
50-60m: 5.9
60-70m: 7.56
70-80m: 5.66
80-90m: 1.85
90-100m: -0.68
100-110m: 0.91"
2026-02-26T17:51:50,15,100,bottom,0,"{
    ""R"": [[0.9993468020763743, -0.02269801004362704, 0.02812062445578548],
          [0.024329428662083017, -0.15280710831755318, -0.9879565104540807],
          [0.026721678104126134, 0.9879953380394502, -0.15215506541555712]],
    ""t"": [0.32608988881111145, 0.6240586042404175, -1.3127883672714233]
}",26.0,34.06,35.54,20.12,18.08,0.165,0.125,9.32,19.24,2.02,"30-40m: RMSE 45.76, Bias(2.0,-32.93), N=24
40-50m: RMSE 39.74, Bias(29.12,2.93), N=216
50-60m: RMSE 41.37, Bias(26.68,5.18), N=190
60-70m: RMSE 39.18, Bias(22.72,1.74), N=135
70-80m: RMSE 34.02, Bias(16.01,0.4), N=111
80-90m: RMSE 21.38, Bias(7.31,6.15), N=93
90-100m: RMSE 25.97, Bias(-1.43,0.63), N=77
100-110m: RMSE 30.55, Bias(-22.57,0.45), N=13","IN1: RMSE 41.36, Bias(33.73,15.26), N=144
IN2: RMSE 32.38, Bias(20.9,12.06), N=143
IN3: RMSE 34.42, Bias(23.86,7.17), N=146
OUT1: RMSE 26.98, Bias(7.5,6.87), N=140
OUT2: RMSE 35.52, Bias(14.53,-6.35), N=142
OUT3: RMSE 46.29, Bias(14.48,-22.89), N=144","30-40m: -32.93
40-50m: 2.93
50-60m: 5.18
60-70m: 1.74
70-80m: 0.4
80-90m: 6.15
90-100m: 0.63
100-110m: 0.45"
2026-02-26T17:53:14,16,100,bottom,0,"{
    ""R"": [[0.9994072968900115, -0.026097125445432346, -0.0224498322150918],
          [-0.026192650444828203, -0.1532895056187335, -0.9878341320939662],
          [0.022338307583061268, 0.9878366603394759, -0.1538822033364318]],
    ""t"": [0.06042083352804184, 0.6342862248420715, -1.488863229751587]
}",23.0,30.62,28.76,20.24,17.87,0.153,0.13,6.77,-11.33,-0.73,"30-40m: RMSE 50.55, Bias(-3.6,-34.61), N=8
40-50m: RMSE 33.91, Bias(-3.13,0.96), N=174
50-60m: RMSE 34.39, Bias(-9.43,-1.85), N=203
60-70m: RMSE 31.59, Bias(-9.52,-2.02), N=182
70-80m: RMSE 31.63, Bias(-12.43,-0.72), N=158
80-90m: RMSE 30.81, Bias(-16.85,4.39), N=93
90-100m: RMSE 34.53, Bias(-22.92,-1.94), N=95
100-110m: RMSE 34.02, Bias(-27.26,2.17), N=26","IN1: RMSE 25.64, Bias(0.25,15.18), N=157
IN2: RMSE 24.71, Bias(-4.03,7.37), N=158
IN3: RMSE 31.28, Bias(-20.86,5.01), N=155
OUT1: RMSE 30.94, Bias(-11.04,0.2), N=156
OUT2: RMSE 35.66, Bias(-22.71,-4.54), N=156
OUT3: RMSE 46.05, Bias(-9.82,-27.61), N=157","30-40m: -34.61
40-50m: 0.96
50-60m: -1.85
60-70m: -2.02
70-80m: -0.72
80-90m: 4.39
90-100m: -1.94
100-110m: 2.17"
2026-02-26T17:54:38,17,100,bottom,0,"{
    ""R"": [[0.9982687103241336, -0.02589365338809501, -0.0528119371165932],
          [-0.056339023135563895, -0.1630119415288146, -0.9850142239537132],
          [0.0168966404921276, 0.986284251944247, -0.16418854377469916]],
    ""t"": [0.2513176202774048, 0.7876507639884949, -1.8484255075454712]
}",23.0,31.87,25.98,20.64,21.33,0.135,0.181,9.09,-0.61,-7.64,"30-40m: RMSE 66.25, Bias(1.14,-62.48), N=7
40-50m: RMSE 41.69, Bias(13.54,-13.78), N=166
50-60m: RMSE 36.95, Bias(6.6,-11.37), N=242
60-70m: RMSE 31.07, Bias(4.28,-2.85), N=198
70-80m: RMSE 27.73, Bias(-7.59,-5.93), N=177
80-90m: RMSE 26.15, Bias(-14.09,-3.99), N=146
90-100m: RMSE 26.86, Bias(-14.58,-4.26), N=114
100-110m: RMSE 26.75, Bias(-8.83,-3.51), N=34","IN1: RMSE 27.84, Bias(13.8,14.23), N=181
IN2: RMSE 20.87, Bias(-6.83,8.94), N=183
IN3: RMSE 22.55, Bias(-2.12,3.69), N=179
OUT1: RMSE 26.99, Bias(-14.07,-4.8), N=180
OUT2: RMSE 43.36, Bias(0.54,-30.89), N=180
OUT3: RMSE 47.17, Bias(5.01,-37.16), N=181","30-40m: -62.48
40-50m: -13.78
50-60m: -11.37
60-70m: -2.85
70-80m: -5.93
80-90m: -3.99
90-100m: -4.26
100-110m: -3.51"
2026-02-26T17:59:49,18,100,bottom,-1,"{
    ""R"": [[1, 0.0, 0.0],
          [0.0, 0.0, -1.0],
          [0.0, 1.0, 0.0]],
    ""t"": [0.08, 0.0, -0.08]
}",,,,,,,,,,,,,
2026-02-26T18:01:13,19,100,bottom,0,"{
    ""R"": [[0.9845838422103305, -0.036677478199495295, -0.17102461884555545],
          [-0.17476270418540174, -0.16571593407735385, -0.9705649006731466],
          [0.007256368523419877, 0.9854912438909821, -0.16957108636219995]],
    ""t"": [0.03523961827158928, 0.48603010177612305, -1.9454505443572998]
}",20.0,47.96,45.12,23.68,23.15,0.296,0.156,13.56,-29.71,-2.83,"30-40m: RMSE 72.45, Bias(71.34,-9.55), N=7
40-50m: RMSE 43.43, Bias(-17.92,-4.82), N=154
50-60m: RMSE 50.72, Bias(-28.09,-1.78), N=186
60-70m: RMSE 55.02, Bias(-47.9,2.45), N=151
70-80m: RMSE 53.37, Bias(-36.2,-5.44), N=106
80-90m: RMSE 48.95, Bias(-31.98,-6.58), N=54
90-100m: RMSE 39.62, Bias(-31.22,-1.12), N=25
100-110m: RMSE 29.75, Bias(13.18,-14.32), N=18","IN1: RMSE 37.16, Bias(-24.68,18.77), N=117
IN2: RMSE 49.3, Bias(-38.99,8.47), N=117
IN3: RMSE 48.13, Bias(-36.72,-1.5), N=117
OUT1: RMSE 58.52, Bias(-44.63,-17.43), N=118
OUT2: RMSE 57.42, Bias(-45.99,-13.32), N=115
OUT3: RMSE 46.13, Bias(12.59,-12.06), N=117","30-40m: -9.55
40-50m: -4.82
50-60m: -1.78
60-70m: 2.45
70-80m: -5.44
80-90m: -6.58
90-100m: -1.12
100-110m: -14.32"
2026-02-26T18:02:37,20,100,bottom,0,"{
    ""R"": [[0.997774042008597, -0.02418711589943315, -0.06214454536236179],
          [-0.06526331228134882, -0.1627409530359793, -0.9845080407365948],
          [0.013698947546961434, 0.9863723260662823, -0.16395722980917024]],
    ""t"": [0.1595427542924881, 0.6206951141357422, -1.5925840139389038]
}",23.0,32.74,28.78,22.12,23.33,0.13,0.186,7.89,1.77,-9.17,"30-40m: RMSE 71.42, Bias(-2.11,-68.84), N=5
40-50m: RMSE 43.76, Bias(13.51,-16.96), N=170
50-60m: RMSE 36.99, Bias(7.71,-11.42), N=248
60-70m: RMSE 31.76, Bias(6.42,-3.78), N=204
70-80m: RMSE 30.07, Bias(-2.47,-7.73), N=191
80-90m: RMSE 29.28, Bias(-9.53,-7.24), N=165
90-100m: RMSE 26.66, Bias(-10.11,-6.47), N=122
100-110m: RMSE 24.17, Bias(-6.68,-4.29), N=32","IN1: RMSE 28.99, Bias(17.09,12.24), N=190
IN2: RMSE 20.72, Bias(-1.17,9.02), N=191
IN3: RMSE 22.66, Bias(1.34,5.12), N=188
OUT1: RMSE 27.86, Bias(-13.11,-7.9), N=189
OUT2: RMSE 43.63, Bias(-0.67,-33.75), N=189
OUT3: RMSE 49.79, Bias(7.08,-39.84), N=190","30-40m: -68.84
40-50m: -16.96
50-60m: -11.42
60-70m: -3.78
70-80m: -7.73
80-90m: -7.24
90-100m: -6.47
100-110m: -4.29"
2026-02-26T18:04:01,21,100,bottom,0,"{
    ""R"": [[0.9905209501924458, -0.023159549612055685, -0.1353952823831784],
          [-0.13735837668333972, -0.16010413619729794, -0.9774964664526593],
          [0.0009610331792716025, 0.986828404959182, -0.1617676592553176]],
    ""t"": [0.08, 0.0, -0.08]
}",22.0,39.68,38.96,24.0,22.36,0.201,0.166,11.38,11.8,-3.58,"40-50m: RMSE 54.32, Bias(41.26,-2.99), N=129
50-60m: RMSE 47.98, Bias(21.18,-12.51), N=204
60-70m: RMSE 31.36, Bias(13.5,4.97), N=156
70-80m: RMSE 28.81, Bias(0.07,-2.51), N=144
80-90m: RMSE 29.8, Bias(-8.3,-3.39), N=117
90-100m: RMSE 25.87, Bias(-16.55,-0.33), N=62
100-110m: RMSE 27.07, Bias(-1.8,-4.46), N=13","IN1: RMSE 51.81, Bias(45.11,15.12), N=139
IN2: RMSE 26.85, Bias(8.4,12.07), N=139
IN3: RMSE 32.44, Bias(16.3,6.47), N=137
OUT1: RMSE 28.18, Bias(5.65,-10.76), N=138
OUT2: RMSE 37.44, Bias(-16.98,-15.11), N=138
OUT3: RMSE 51.03, Bias(12.15,-29.23), N=139","40-50m: -2.99
50-60m: -12.51
60-70m: 4.97
70-80m: -2.51
80-90m: -3.39
90-100m: -0.33
100-110m: -4.46"
2026-02-26T18:05:25,22,100,bottom,0,"{
    ""R"": [[0.9934028204195188, -0.029211029073003728, 0.11089432881369418],
          [0.10534198392539652, -0.14971551326462082, -0.983101384146403],
          [0.04532000447048864, 0.9882975163726792, -0.1456506653825777]],
    ""t"": [0.33556753396987915, 0.6149677634239197, -0.8564906716346741]
}",20.0,23.3,22.62,17.01,16.38,0.105,0.112,4.24,-0.68,9.27,"40-50m: RMSE 23.19, Bias(0.47,7.1), N=154
50-60m: RMSE 24.64, Bias(1.1,12.88), N=161
60-70m: RMSE 23.75, Bias(0.84,11.41), N=146
70-80m: RMSE 22.59, Bias(3.55,9.26), N=101
80-90m: RMSE 16.92, Bias(-4.42,7.74), N=81
90-100m: RMSE 23.27, Bias(-10.06,4.31), N=74
100-110m: RMSE 37.88, Bias(-22.04,7.69), N=9","IN1: RMSE 20.5, Bias(0.91,3.35), N=122
IN2: RMSE 23.8, Bias(1.62,15.09), N=121
IN3: RMSE 19.4, Bias(0.06,10.9), N=125
OUT1: RMSE 26.98, Bias(2.33,11.22), N=117
OUT2: RMSE 19.58, Bias(-1.1,6.31), N=123
OUT3: RMSE 28.15, Bias(-7.92,8.84), N=120","40-50m: 7.1
50-60m: 12.88
60-70m: 11.41
70-80m: 9.26
80-90m: 7.74
90-100m: 4.31
100-110m: 7.69"
2026-02-26T18:10:35,23,100,bottom,-1,"{
    ""R"": [[1, 0.0, 0.0],
          [0.0, 0.0, -1.0],
          [0.0, 1.0, 0.0]],
    ""t"": [0.08, 0.0, -0.08]
}",,,,,,,,,,,,,
2026-02-26T18:12:00,24,100,bottom,0,"{
    ""R"": [[0.9992981367839635, -0.022111909164767775, -0.03023734930825129],
          [-0.03337036920514792, -0.158740454792484, -0.9867562447085844],
          [0.017019173869852765, 0.9870727083074298, -0.15936692327902716]],
    ""t"": [0.061955466866493225, 0.3222222328186035, -1.3244400024414062]
}",25.0,31.27,27.38,19.87,20.47,0.129,0.182,7.5,3.85,-10.74,"30-40m: RMSE 72.45, Bias(-11.99,-68.07), N=5
40-50m: RMSE 42.55, Bias(13.02,-23.4), N=175
50-60m: RMSE 36.02, Bias(7.12,-12.42), N=306
60-70m: RMSE 31.33, Bias(9.43,-4.89), N=270
70-80m: RMSE 25.93, Bias(2.6,-7.56), N=200
80-90m: RMSE 24.77, Bias(-4.59,-7.43), N=167
90-100m: RMSE 25.18, Bias(-7.23,-9.75), N=141
100-110m: RMSE 28.27, Bias(-13.02,-8.38), N=48","IN1: RMSE 24.97, Bias(14.7,5.13), N=219
IN2: RMSE 19.56, Bias(4.73,7.14), N=219
IN3: RMSE 22.55, Bias(7.84,2.2), N=219
OUT1: RMSE 27.96, Bias(-9.87,-9.56), N=218
OUT2: RMSE 42.83, Bias(4.63,-31.56), N=219
OUT3: RMSE 46.23, Bias(1.01,-37.88), N=218","30-40m: -68.07
40-50m: -23.4
50-60m: -12.42
60-70m: -4.89
70-80m: -7.56
80-90m: -7.43
90-100m: -9.75
100-110m: -8.38"
2026-02-26T18:13:24,25,100,bottom,0,"{
    ""R"": [[0.999028437806106, -0.023859135149456277, -0.03705296377633272],
          [-0.040362808015109324, -0.1578261605935633, -0.9866416506317933],
          [0.01769248947507575, 0.9871786285684138, -0.15863584435416747]],
    ""t"": [0.09094426035881042, 0.3023640811443329, -1.6380445957183838]
}",23.0,31.51,24.35,21.08,21.53,0.14,0.177,10.42,-1.43,-9.49,"40-50m: RMSE 41.74, Bias(8.06,-22.91), N=165
50-60m: RMSE 36.24, Bias(3.01,-11.86), N=276
60-70m: RMSE 30.73, Bias(4.3,-4.41), N=234
70-80m: RMSE 26.03, Bias(-4.73,-5.6), N=190
80-90m: RMSE 26.02, Bias(-11.21,-5.66), N=156
90-100m: RMSE 27.52, Bias(-12.18,-6.66), N=134
100-110m: RMSE 30.93, Bias(-12.58,-4.25), N=43","IN1: RMSE 23.53, Bias(7.93,5.15), N=201
IN2: RMSE 19.4, Bias(1.32,7.17), N=200
IN3: RMSE 20.57, Bias(-2.86,6.54), N=200
OUT1: RMSE 28.46, Bias(-13.55,-8.63), N=200
OUT2: RMSE 44.44, Bias(-3.67,-31.09), N=200
OUT3: RMSE 47.09, Bias(2.21,-36.03), N=201","40-50m: -22.91
50-60m: -11.86
60-70m: -4.41
70-80m: -5.6
80-90m: -5.66
90-100m: -6.66
100-110m: -4.25"
2026-02-26T18:14:48,26,100,bottom,-1,"{
    ""R"": [[0.9955124983918313, -0.010960196165947496, -0.0939932957484621],
          [-0.09447049792775836, -0.17278023713084356, -0.9804194585371564],
          [-0.005494594337649067, 0.9848994180915195, -0.17304030072804172]],
    ""t"": [0.08, 0.0, -0.08]
}",14.0,55.14,54.01,27.56,23.48,0.352,0.248,21.13,28.75,-23.87,"30-40m: RMSE 41.67, Bias(-18.16,2.56), N=11
40-50m: RMSE 50.08, Bias(-7.12,-14.77), N=37
50-60m: RMSE 66.3, Bias(37.72,-25.84), N=96
60-70m: RMSE 63.54, Bias(42.0,-29.61), N=131
70-80m: RMSE 57.01, Bias(29.2,-24.13), N=69
80-90m: RMSE 45.21, Bias(24.25,-19.49), N=60
90-100m: RMSE 43.97, Bias(18.27,-22.06), N=36
100-110m: RMSE 40.27, Bias(6.52,-21.93), N=8","IN1: RMSE 71.69, Bias(64.7,-26.16), N=75
IN2: RMSE 53.95, Bias(46.71,-19.48), N=76
IN3: RMSE 55.91, Bias(33.79,-26.75), N=74
OUT1: RMSE 74.76, Bias(49.71,-50.6), N=78
OUT2: RMSE 41.67, Bias(-8.2,-10.96), N=71
OUT3: RMSE 36.61, Bias(-17.21,-7.61), N=75","30-40m: 2.56
40-50m: -14.77
50-60m: -25.84
60-70m: -29.61
70-80m: -24.13
80-90m: -19.49
90-100m: -22.06
100-110m: -21.93"
2026-02-26T18:16:12,27,100,bottom,0,"{
    ""R"": [[0.9957888028009722, -0.027090217491190657, 0.08758299111405869],
          [0.08245105695868968, -0.15303409553239175, -0.984775298639734],
          [0.04008096084926396, 0.9878495258493881, -0.1501560217125407]],
    ""t"": [0.08, 0.0, -0.08]
}",23.0,27.77,24.66,20.63,19.52,0.134,0.121,6.86,-10.67,-4.61,"30-40m: RMSE 58.36, Bias(-51.49,-22.44), N=5
40-50m: RMSE 43.69, Bias(-18.23,-20.7), N=159
50-60m: RMSE 31.54, Bias(-13.96,-3.53), N=308
60-70m: RMSE 21.83, Bias(-4.23,-0.32), N=290
70-80m: RMSE 22.96, Bias(-6.3,-0.86), N=188
80-90m: RMSE 23.6, Bias(-11.68,-3.02), N=147
90-100m: RMSE 21.58, Bias(-10.67,-4.7), N=132
100-110m: RMSE 26.16, Bias(-14.08,-0.69), N=36","IN1: RMSE 27.49, Bias(-1.41,-14.27), N=212
IN2: RMSE 17.89, Bias(3.95,-1.45), N=210
IN3: RMSE 19.2, Bias(-9.54,-1.29), N=211
OUT1: RMSE 22.14, Bias(-4.98,-4.13), N=216
OUT2: RMSE 30.49, Bias(-23.49,-0.65), N=206
OUT3: RMSE 45.23, Bias(-29.06,-5.74), N=210","30-40m: -22.44
40-50m: -20.7
50-60m: -3.53
60-70m: -0.32
70-80m: -0.86
80-90m: -3.02
90-100m: -4.7
100-110m: -0.69"
2026-02-26T18:17:36,28,100,bottom,0,"{
    ""R"": [[0.9986077249583254, -0.027986714032047433, -0.044714153142446735],
          [-0.04877296430191284, -0.1669521511183426, -0.9847579282189929],
          [0.02009501447528977, 0.985567716128449, -0.16808470280959942]],
    ""t"": [0.08, 0.0, -0.08]
}",21.0,41.02,36.09,23.98,21.75,0.18,0.258,11.22,-6.63,-26.89,"40-50m: RMSE 54.08, Bias(5.3,-36.99), N=103
50-60m: RMSE 42.13, Bias(-2.72,-30.18), N=218
60-70m: RMSE 36.31, Bias(-5.86,-26.76), N=206
70-80m: RMSE 37.29, Bias(-12.66,-24.96), N=152
80-90m: RMSE 37.45, Bias(-9.82,-19.7), N=154
90-100m: RMSE 38.16, Bias(-13.78,-23.59), N=120
100-110m: RMSE 37.59, Bias(-8.33,-26.79), N=25","IN1: RMSE 37.65, Bias(0.28,-28.18), N=165
IN2: RMSE 30.74, Bias(5.17,-22.69), N=162
IN3: RMSE 33.26, Bias(-16.89,-21.86), N=165
OUT1: RMSE 35.29, Bias(-12.95,-24.94), N=162
OUT2: RMSE 48.69, Bias(-17.13,-35.23), N=163
OUT3: RMSE 52.62, Bias(1.74,-28.42), N=164","40-50m: -36.99
50-60m: -30.18
60-70m: -26.76
70-80m: -24.96
80-90m: -19.7
90-100m: -23.59
100-110m: -26.79"
2026-02-26T18:19:01,29,100,bottom,0,"{
    ""R"": [[0.9988960755214863, -0.02355511239942114, 0.04064218236785781],
          [0.036556336433514344, -0.15354469724667635, -0.9874652703837162],
          [0.029500247021530066, 0.98786091259209, -0.15251410688323744]],
    ""t"": [0.08, 0.0, -0.08]
}",27.0,27.78,25.89,20.52,20.31,0.118,0.128,6.19,1.75,-6.02,"30-40m: RMSE 47.18, Bias(-25.08,-24.96), N=8
40-50m: RMSE 41.7, Bias(2.82,-27.74), N=201
50-60m: RMSE 30.75, Bias(-0.13,-4.94), N=360
60-70m: RMSE 28.19, Bias(6.72,-1.39), N=323
70-80m: RMSE 26.99, Bias(3.05,-1.64), N=227
80-90m: RMSE 21.03, Bias(-1.14,-1.83), N=162
90-100m: RMSE 20.72, Bias(-0.87,-2.45), N=162
100-110m: RMSE 22.71, Bias(-4.58,1.2), N=52","IN1: RMSE 25.52, Bias(13.11,-4.37), N=251
IN2: RMSE 21.02, Bias(10.23,5.3), N=249
IN3: RMSE 27.15, Bias(9.26,-1.0), N=248
OUT1: RMSE 26.21, Bias(-0.79,-7.62), N=249
OUT2: RMSE 29.62, Bias(-6.97,-8.44), N=249
OUT3: RMSE 42.61, Bias(-14.39,-20.01), N=249","30-40m: -24.96
40-50m: -27.74
50-60m: -4.94
60-70m: -1.39
70-80m: -1.64
80-90m: -1.83
90-100m: -2.45
100-110m: 1.2"
2026-02-26T18:20:25,30,100,bottom,0,"{
    ""R"": [[0.992563825843607, -0.02233535192847761, -0.11965861306623032],
          [-0.12169167614791009, -0.15896712538154914, -0.9797553720211181],
          [0.002861395291626125, 0.9870311976336711, -0.16050304456560005]],
    ""t"": [0.08, 0.0, -0.08]
}",24.0,38.36,39.18,23.69,22.0,0.192,0.172,10.48,11.95,-5.67,"40-50m: RMSE 57.9, Bias(35.84,-10.49), N=138
50-60m: RMSE 47.87, Bias(19.33,-13.83), N=213
60-70m: RMSE 34.03, Bias(14.54,1.22), N=169
70-80m: RMSE 29.32, Bias(2.3,-2.0), N=154
80-90m: RMSE 27.68, Bias(-4.44,-2.06), N=134
90-100m: RMSE 25.67, Bias(-6.7,-3.09), N=72
100-110m: RMSE 30.12, Bias(0.27,-7.9), N=19","IN1: RMSE 50.61, Bias(43.24,13.47), N=151
IN2: RMSE 26.24, Bias(9.39,10.64), N=151
IN3: RMSE 31.53, Bias(20.31,7.04), N=151
OUT1: RMSE 23.38, Bias(0.41,-6.19), N=150
OUT2: RMSE 46.59, Bias(-2.26,-27.58), N=149
OUT3: RMSE 51.66, Bias(0.31,-31.71), N=151","40-50m: -10.49
50-60m: -13.83
60-70m: 1.22
70-80m: -2.0
80-90m: -2.06
90-100m: -3.09
100-110m: -7.9"
2026-02-26T18:25:36,31,100,bottom,-1,"{
    ""R"": [[0.9996875282123093, -0.023001227773787325, 0.009787208880053702],
          [0.006096997465041847, -0.15534470223295171, -0.9878415106230691],
          [0.024241958639407063, 0.9875925106080212, -0.15515592296870695]],
    ""t"": [0.241211399435997, 0.5545241832733154, -0.915421724319458]
}",,,,,,,,,,,,,
2026-02-26T18:25:46,32,100,bottom,-1,"{
    ""R"": [[1, 0.0, 0.0],
          [0.0, 0.0, -1.0],
          [0.0, 1.0, 0.0]],
    ""t"": [0.08, 0.0, -0.08]
}",,,,,,,,,,,,,
