timestamp,iter_idx,iterations_total,bbox_ref_mode,calib_exit_code,Rt_multiline,valid_tracks,rmse_abs_mean,rmse_abs_median,rmse_db_mean,rmse_db_median,ru_abs_mean,rv_abs_mean,angle_diff_mean_deg,global_bias_u,global_bias_v,distance_bins_text,lane_rmse_text,distance_bias_v_text
2026-02-26T11:50:36,1,50,bottom,-1,"{
    ""R"": [[0.8581477962189781, -0.07116868756559287, -0.508446042127089],
          [-0.5133982458913696, -0.11481910849614145, -0.8504344850955986],
          [0.0021449848893506187, 0.9908337853718661, -0.135069644278358]],
    ""t"": [-0.23948195576667786, 0.12999001145362854, -0.02322782389819622]
}",7.0,49.58,47.33,28.78,27.11,0.24,0.135,17.04,-9.39,-10.54,"30-40m: RMSE 67.45, Bias(-62.64,-17.0), N=6
40-50m: RMSE 62.09, Bias(-42.88,-14.73), N=33
50-60m: RMSE 51.6, Bias(-12.87,-12.82), N=23
70-80m: RMSE 56.76, Bias(37.46,6.29), N=7
80-90m: RMSE 59.84, Bias(7.0,-19.08), N=29
90-100m: RMSE 35.61, Bias(-8.42,-1.01), N=25
100-110m: RMSE 40.03, Bias(25.75,-3.91), N=15","IN1: RMSE 57.92, Bias(26.06,-34.26), N=24
IN2: RMSE 34.92, Bias(-10.44,5.78), N=24
IN3: RMSE 44.93, Bias(37.4,6.25), N=23
OUT1: RMSE 69.49, Bias(-57.2,-28.67), N=24
OUT2: RMSE 67.85, Bias(-66.26,-0.11), N=23
OUT3: RMSE 33.68, Bias(13.71,-11.1), N=24","30-40m: -17.0
40-50m: -14.73
50-60m: -12.82
70-80m: 6.29
80-90m: -19.08
90-100m: -1.01
100-110m: -3.91"
2026-02-26T11:52:00,2,50,bottom,0,"{
    ""R"": [[0.9900779414530426, -0.026292445071138263, 0.1380375933587889],
          [0.13252716362610747, -0.15185263146912936, -0.97947809021801],
          [0.04671424567863851, 0.988053381983019, -0.1468614775991099]],
    ""t"": [0.08, 0.0, -0.08]
}",23.0,28.28,29.91,20.92,20.56,0.126,0.128,8.12,-3.88,-10.33,"30-40m: RMSE 59.72, Bias(-3.11,-28.03), N=10
40-50m: RMSE 41.44, Bias(-14.76,-23.59), N=134
50-60m: RMSE 33.31, Bias(-8.48,-13.67), N=289
60-70m: RMSE 25.23, Bias(0.43,-9.07), N=286
70-80m: RMSE 24.23, Bias(-0.63,-5.51), N=208
80-90m: RMSE 23.05, Bias(-4.75,-6.12), N=158
90-100m: RMSE 20.26, Bias(0.93,-6.64), N=147
100-110m: RMSE 25.38, Bias(1.96,-3.52), N=51","IN1: RMSE 32.56, Bias(-0.43,-23.47), N=214
IN2: RMSE 20.91, Bias(7.74,-8.63), N=214
IN3: RMSE 21.27, Bias(-1.26,-5.84), N=216
OUT1: RMSE 29.82, Bias(1.49,-12.29), N=214
OUT2: RMSE 25.15, Bias(-10.21,-4.12), N=211
OUT3: RMSE 39.01, Bias(-20.74,-7.6), N=214","30-40m: -28.03
40-50m: -23.59
50-60m: -13.67
60-70m: -9.07
70-80m: -5.51
80-90m: -6.12
90-100m: -6.64
100-110m: -3.52"
2026-02-26T11:53:24,3,50,bottom,-1,"{
    ""R"": [[0.97235673562956, -0.09019279936883903, 0.21537789491458786],
          [0.21138386962738373, -0.051826238099042035, -0.9760281249563738],
          [0.09919293491564805, 0.9945749343244652, -0.03132828875483349]],
    ""t"": [-0.5849301815032959, -0.859464704990387, -1.0042328834533691]
}",3.0,65.52,65.8,44.54,46.18,0.192,0.164,4.99,2.09,-22.43,"40-50m: RMSE 80.16, Bias(20.52,-64.52), N=5
50-60m: RMSE 78.21, Bias(50.31,-40.07), N=21
60-70m: RMSE 75.63, Bias(16.61,-69.04), N=10
70-80m: RMSE 45.65, Bias(1.06,-24.51), N=17
80-90m: RMSE 59.79, Bias(-51.35,2.04), N=22
90-100m: RMSE 63.38, Bias(-26.53,3.73), N=14
100-110m: RMSE 61.92, Bias(47.58,13.17), N=6","IN1: RMSE 93.75, Bias(49.41,-76.54), N=16
IN2: RMSE 68.21, Bias(10.3,-59.32), N=16
IN3: RMSE 44.7, Bias(9.26,-8.74), N=16
OUT1: RMSE 60.49, Bias(-34.34,2.36), N=16
OUT2: RMSE 60.22, Bias(-26.09,6.68), N=16
OUT3: RMSE 59.26, Bias(4.01,1.0), N=16","40-50m: -64.52
50-60m: -40.07
60-70m: -69.04
70-80m: -24.51
80-90m: 2.04
90-100m: 3.73
100-110m: 13.17"
2026-02-26T11:54:48,4,50,bottom,0,"{
    ""R"": [[0.9988241540818854, -0.0286904422721846, -0.03907899365173248],
          [-0.04330935316033526, -0.16582796374886472, -0.9852032208472212],
          [0.021785526191465676, 0.9857372595986879, -0.16687554011127362]],
    ""t"": [-0.05409194529056549, 0.37151432037353516, -1.1844323873519897]
}",26.0,42.41,39.75,22.78,21.63,0.214,0.214,10.3,-21.04,-20.28,"40-50m: RMSE 52.87, Bias(-17.08,-38.69), N=162
50-60m: RMSE 43.72, Bias(-20.83,-20.64), N=296
60-70m: RMSE 37.65, Bias(-22.82,-15.62), N=271
70-80m: RMSE 41.28, Bias(-23.74,-17.37), N=198
80-90m: RMSE 42.78, Bias(-22.24,-15.07), N=168
90-100m: RMSE 38.57, Bias(-17.87,-17.21), N=137
100-110m: RMSE 40.73, Bias(-23.5,-21.75), N=33","IN1: RMSE 33.41, Bias(-18.38,-12.33), N=212
IN2: RMSE 29.41, Bias(-20.57,-7.05), N=213
IN3: RMSE 40.91, Bias(-34.14,-14.17), N=210
OUT1: RMSE 45.74, Bias(-20.1,-29.35), N=213
OUT2: RMSE 50.1, Bias(-30.21,-28.52), N=210
OUT3: RMSE 52.0, Bias(-3.09,-30.26), N=212","40-50m: -38.69
50-60m: -20.64
60-70m: -15.62
70-80m: -17.37
80-90m: -15.07
90-100m: -17.21
100-110m: -21.75"
2026-02-26T11:56:12,5,50,bottom,0,"{
    ""R"": [[0.9995123384547718, -0.019808530269694143, 0.02413933315625818],
          [0.02084255394358156, -0.15243584373883146, -0.9880935691971383],
          [0.02325238099169875, 0.9881148393138248, -0.1519486462790365]],
    ""t"": [0.4164522886276245, 0.8517462611198425, -1.8019143342971802]
}",21.0,46.41,47.61,20.03,19.9,0.247,0.115,7.27,38.11,6.1,"30-40m: RMSE 55.62, Bias(45.0,-10.5), N=14
40-50m: RMSE 56.1, Bias(49.35,9.5), N=169
50-60m: RMSE 51.29, Bias(42.0,7.7), N=124
60-70m: RMSE 46.42, Bias(37.6,3.96), N=89
70-80m: RMSE 41.72, Bias(33.49,1.26), N=51
80-90m: RMSE 30.1, Bias(22.85,7.84), N=49
90-100m: RMSE 26.74, Bias(16.58,2.65), N=45
100-110m: RMSE 21.78, Bias(-5.33,2.88), N=11","IN1: RMSE 55.11, Bias(49.54,15.77), N=92
IN2: RMSE 37.42, Bias(26.12,8.27), N=92
IN3: RMSE 52.08, Bias(45.84,7.59), N=98
OUT1: RMSE 34.84, Bias(24.27,8.01), N=86
OUT2: RMSE 48.62, Bias(40.44,6.8), N=92
OUT3: RMSE 53.95, Bias(41.08,-9.84), N=92","30-40m: -10.5
40-50m: 9.5
50-60m: 7.7
60-70m: 3.96
70-80m: 1.26
80-90m: 7.84
90-100m: 2.65
100-110m: 2.88"
2026-02-26T11:57:36,6,50,bottom,0,"{
    ""R"": [[0.9983509141214003, -0.024283481739894898, 0.05201696634322595],
          [0.04771226591269611, -0.15286469152651228, -0.9870946893616539],
          [0.03192165337886314, 0.987948732778727, -0.1514539845843199]],
    ""t"": [0.08, 0.0, -0.08]
}",27.0,27.21,23.27,20.61,18.37,0.116,0.126,8.11,-0.57,-5.13,"30-40m: RMSE 46.29, Bias(-21.32,-18.64), N=10
40-50m: RMSE 40.48, Bias(-0.56,-25.89), N=194
50-60m: RMSE 31.43, Bias(-2.89,-4.71), N=358
60-70m: RMSE 27.16, Bias(4.73,-0.26), N=320
70-80m: RMSE 25.87, Bias(0.72,-0.83), N=224
80-90m: RMSE 20.89, Bias(-3.02,-1.11), N=158
90-100m: RMSE 20.76, Bias(-2.9,-1.5), N=156
100-110m: RMSE 25.46, Bias(-5.38,1.73), N=41","IN1: RMSE 23.99, Bias(9.01,-5.1), N=246
IN2: RMSE 19.89, Bias(9.64,5.68), N=244
IN3: RMSE 24.56, Bias(5.57,1.55), N=241
OUT1: RMSE 24.84, Bias(0.38,-6.16), N=243
OUT2: RMSE 33.92, Bias(-14.05,-8.91), N=243
OUT3: RMSE 41.92, Bias(-14.02,-17.8), N=244","30-40m: -18.64
40-50m: -25.89
50-60m: -4.71
60-70m: -0.26
70-80m: -0.83
80-90m: -1.11
90-100m: -1.5
100-110m: 1.73"
2026-02-26T11:59:00,7,50,bottom,0,"{
    ""R"": [[0.9996011114644152, -0.026231097747816335, 0.0104664927292141],
          [0.006206048347626317, -0.1575245682979743, -0.9874955672540734],
          [0.027551822498940472, 0.987166622153262, -0.15729894209277312]],
    ""t"": [0.04671681672334671, 0.38492652773857117, -1.5435113906860352]
}",24.0,28.85,27.04,19.12,17.99,0.149,0.135,9.46,-14.77,-5.6,"30-40m: RMSE 60.81, Bias(-33.68,-41.56), N=5
40-50m: RMSE 38.3, Bias(-11.93,-23.22), N=183
50-60m: RMSE 31.2, Bias(-12.76,-4.41), N=309
60-70m: RMSE 24.71, Bias(-9.1,0.21), N=272
70-80m: RMSE 25.57, Bias(-15.57,-1.82), N=213
80-90m: RMSE 27.42, Bias(-21.08,-1.45), N=176
90-100m: RMSE 28.12, Bias(-20.36,-6.42), N=151
100-110m: RMSE 31.11, Bias(-24.48,-4.71), N=48","IN1: RMSE 23.49, Bias(-7.18,-1.59), N=227
IN2: RMSE 18.99, Bias(-6.62,4.81), N=226
IN3: RMSE 23.53, Bias(-15.14,4.1), N=226
OUT1: RMSE 31.35, Bias(-20.03,-6.02), N=227
OUT2: RMSE 39.01, Bias(-19.55,-16.5), N=225
OUT3: RMSE 36.05, Bias(-20.15,-18.47), N=226","30-40m: -41.56
40-50m: -23.22
50-60m: -4.41
60-70m: 0.21
70-80m: -1.82
80-90m: -1.45
90-100m: -6.42
100-110m: -4.71"
2026-02-26T12:00:24,8,50,bottom,0,"{
    ""R"": [[0.9993217246293474, -0.02942276877947504, -0.022144781804670974],
          [-0.026811369958559615, -0.16909995605804792, -0.9852341626751031],
          [0.025243635331944236, 0.9851596345458514, -0.1697741244616272]],
    ""t"": [0.08, 0.0, -0.08]
}",23.0,48.35,44.9,23.61,21.38,0.2,0.318,11.17,-6.28,-34.57,"40-50m: RMSE 60.82, Bias(5.36,-43.65), N=95
50-60m: RMSE 49.53, Bias(-4.24,-35.97), N=241
60-70m: RMSE 45.41, Bias(-9.55,-38.55), N=209
70-80m: RMSE 44.85, Bias(-10.2,-32.99), N=158
80-90m: RMSE 41.79, Bias(-8.07,-25.8), N=129
90-100m: RMSE 42.07, Bias(-8.25,-28.49), N=98
100-110m: RMSE 37.58, Bias(5.31,-25.8), N=14","IN1: RMSE 48.73, Bias(-6.07,-42.23), N=158
IN2: RMSE 42.23, Bias(-2.65,-37.9), N=160
IN3: RMSE 41.89, Bias(-17.26,-33.79), N=157
OUT1: RMSE 45.06, Bias(-14.82,-35.67), N=156
OUT2: RMSE 53.22, Bias(-7.94,-31.81), N=158
OUT3: RMSE 51.61, Bias(10.83,-25.98), N=158","40-50m: -43.65
50-60m: -35.97
60-70m: -38.55
70-80m: -32.99
80-90m: -25.8
90-100m: -28.49
100-110m: -25.8"
2026-02-26T12:00:36,9,50,bottom,-1,"{
    ""R"": [[1, 0.0, 0.0],
          [0.0, 0.0, -1.0],
          [0.0, 1.0, 0.0]],
    ""t"": [0.08, 0.0, -0.08]
}",,,,,,,,,,,,,
