timestamp,iter_idx,iterations_total,bbox_ref_mode,calib_exit_code,Rt_multiline,valid_tracks,rmse_abs_mean,rmse_abs_median,rmse_db_mean,rmse_db_median,ru_abs_mean,rv_abs_mean,angle_diff_mean_deg,global_bias_u,global_bias_v,distance_bins_text,lane_rmse_text,distance_bias_v_text
2026-02-26T18:41:52,1,100,bottom,0,"{
    ""R"": [[0.9995618908176126, -0.02451076869332737, -0.016590619131939422],
          [-0.020231896911013278, -0.15669868809832904, -0.9874392090127089],
          [0.021603165798118364, 0.9873422625241591, -0.15712593630961783]],
    ""t"": [0.16527792811393738, 0.35254788398742676, -1.1886030435562134]
}",30.0,28.61,25.84,19.25,18.25,0.127,0.154,10.43,0.37,-6.11,"30-40m: RMSE 63.96, Bias(0.29,-57.4), N=7
40-50m: RMSE 38.35, Bias(11.88,-16.18), N=205
50-60m: RMSE 32.38, Bias(4.5,-6.09), N=301
60-70m: RMSE 30.23, Bias(6.75,-1.2), N=260
70-80m: RMSE 26.5, Bias(-1.78,-3.31), N=220
80-90m: RMSE 25.33, Bias(-8.56,-3.74), N=178
90-100m: RMSE 25.31, Bias(-13.66,-5.4), N=155
100-110m: RMSE 30.57, Bias(-16.37,-6.22), N=61","IN1: RMSE 25.14, Bias(12.99,9.18), N=232
IN2: RMSE 20.74, Bias(0.44,8.6), N=233
IN3: RMSE 23.43, Bias(7.15,3.92), N=232
OUT1: RMSE 27.16, Bias(-12.15,-5.61), N=228
OUT2: RMSE 34.61, Bias(-1.79,-19.31), N=232
OUT3: RMSE 46.06, Bias(-4.67,-33.73), N=230","30-40m: -57.4
40-50m: -16.18
50-60m: -6.09
60-70m: -1.2
70-80m: -3.31
80-90m: -3.74
90-100m: -5.4
100-110m: -6.22"
2026-02-26T18:43:16,2,100,bottom,0,"{
    ""R"": [[0.9992575355725983, -0.02833185522697304, 0.02610907085238492],
          [0.02129165969123847, -0.1587023101090764, -0.9870968756883158],
          [0.03210985563607404, 0.9869198968231618, -0.15798124706935998]],
    ""t"": [0.0967848002910614, 0.46224120259284973, -1.486781120300293]
}",29.0,34.08,33.3,20.32,18.01,0.184,0.142,10.73,-18.92,-8.05,"30-40m: RMSE 50.76, Bias(-19.37,-32.51), N=9
40-50m: RMSE 41.17, Bias(-12.79,-24.97), N=219
50-60m: RMSE 35.13, Bias(-16.88,-4.58), N=314
60-70m: RMSE 29.35, Bias(-13.99,-2.7), N=290
70-80m: RMSE 32.87, Bias(-22.01,-5.27), N=207
80-90m: RMSE 36.46, Bias(-28.25,-5.74), N=173
90-100m: RMSE 31.95, Bias(-25.2,-7.31), N=150
100-110m: RMSE 30.37, Bias(-23.24,-4.15), N=50","IN1: RMSE 26.52, Bias(-12.09,-5.64), N=237
IN2: RMSE 24.68, Bias(-16.89,2.1), N=235
IN3: RMSE 27.0, Bias(-18.23,2.47), N=234
OUT1: RMSE 33.81, Bias(-23.63,-8.83), N=235
OUT2: RMSE 40.2, Bias(-24.72,-12.98), N=235
OUT3: RMSE 48.53, Bias(-18.03,-25.33), N=236","30-40m: -32.51
40-50m: -24.97
50-60m: -4.58
60-70m: -2.7
70-80m: -5.27
80-90m: -5.74
90-100m: -7.31
100-110m: -4.15"
2026-02-26T18:44:40,3,100,bottom,0,"{
    ""R"": [[0.9794377209283754, -0.03328721156942914, -0.19898168852575934],
          [-0.2017463156336339, -0.1636468460484137, -0.9656697851267076],
          [-0.00041827130491044466, 0.9859572360525277, -0.16699746622262418]],
    ""t"": [0.17621487379074097, 0.5363240242004395, -1.3336681127548218]
}",22.0,40.09,39.1,25.04,24.97,0.229,0.155,18.58,-14.86,-2.44,"40-50m: RMSE 35.72, Bias(12.17,0.94), N=119
50-60m: RMSE 42.69, Bias(-3.43,-5.8), N=152
60-70m: RMSE 39.93, Bias(-26.11,0.73), N=113
70-80m: RMSE 48.08, Bias(-32.24,-0.98), N=107
80-90m: RMSE 46.8, Bias(-34.58,-5.6), N=90
90-100m: RMSE 40.57, Bias(-32.4,-3.91), N=44
100-110m: RMSE 40.51, Bias(21.44,-5.79), N=18","IN1: RMSE 33.91, Bias(14.15,13.96), N=108
IN2: RMSE 39.49, Bias(-18.94,8.17), N=108
IN3: RMSE 32.21, Bias(-12.14,-0.88), N=106
OUT1: RMSE 44.09, Bias(-35.37,-6.66), N=114
OUT2: RMSE 52.02, Bias(-36.55,-1.26), N=100
OUT3: RMSE 49.43, Bias(-0.71,-27.63), N=108","40-50m: 0.94
50-60m: -5.8
60-70m: 0.73
70-80m: -0.98
80-90m: -5.6
90-100m: -3.91
100-110m: -5.79"
2026-02-26T18:46:04,4,100,bottom,0,"{
    ""R"": [[0.9865655081449655, -0.03400838858210561, -0.15978713228765834],
          [-0.1632441783636502, -0.16743445571533958, -0.9722741595196721],
          [0.006311605900385955, 0.985296469366127, -0.17073673033533743]],
    ""t"": [0.1255888193845749, 0.7197403311729431, -1.56340491771698]
}",22.0,42.06,42.02,24.34,23.21,0.24,0.167,13.24,-21.99,-2.98,"40-50m: RMSE 36.3, Bias(-0.54,-4.25), N=145
50-60m: RMSE 44.17, Bias(-12.49,-5.14), N=177
60-70m: RMSE 43.23, Bias(-31.42,1.23), N=153
70-80m: RMSE 48.18, Bias(-37.18,-1.99), N=126
80-90m: RMSE 46.95, Bias(-35.58,-3.52), N=99
90-100m: RMSE 43.92, Bias(-36.29,-2.31), N=56
100-110m: RMSE 38.44, Bias(1.11,-5.62), N=24","IN1: RMSE 27.19, Bias(-1.57,17.83), N=133
IN2: RMSE 47.02, Bias(-40.03,8.79), N=130
IN3: RMSE 36.02, Bias(-21.65,3.8), N=130
OUT1: RMSE 44.31, Bias(-31.21,-17.41), N=138
OUT2: RMSE 52.06, Bias(-40.25,-6.63), N=122
OUT3: RMSE 50.4, Bias(1.58,-23.92), N=131","40-50m: -4.25
50-60m: -5.14
60-70m: 1.23
70-80m: -1.99
80-90m: -3.52
90-100m: -2.31
100-110m: -5.62"
2026-02-26T18:47:28,5,100,bottom,0,"{
    ""R"": [[0.9697355817073555, -0.03884352643277693, -0.24104788326173443],
          [-0.24414217650726786, -0.16534068122733298, -0.9555401910864738],
          [-0.0027384705568539508, 0.9854712779099893, -0.16982008477639418]],
    ""t"": [0.41687822341918945, 0.29238682985305786, -0.9953333139419556]
}",20.0,41.95,39.44,27.78,29.27,0.248,0.16,19.29,-8.07,-5.07,"30-40m: RMSE 56.76, Bias(5.23,-33.36), N=8
40-50m: RMSE 41.34, Bias(20.2,-10.3), N=105
50-60m: RMSE 42.34, Bias(8.1,-3.44), N=157
60-70m: RMSE 39.09, Bias(-24.38,1.4), N=103
70-80m: RMSE 48.71, Bias(-30.08,-3.01), N=95
80-90m: RMSE 50.77, Bias(-33.76,-8.32), N=54
90-100m: RMSE 42.36, Bias(-32.9,-7.47), N=36
100-110m: RMSE 32.76, Bias(11.75,-8.66), N=22","IN1: RMSE 37.29, Bias(16.41,7.46), N=98
IN2: RMSE 40.07, Bias(-15.18,3.87), N=100
IN3: RMSE 36.42, Bias(-3.81,-6.9), N=92
OUT1: RMSE 46.66, Bias(-24.69,-20.0), N=97
OUT2: RMSE 51.8, Bias(-42.72,-1.66), N=96
OUT3: RMSE 46.44, Bias(21.39,-13.63), N=97","30-40m: -33.36
40-50m: -10.3
50-60m: -3.44
60-70m: 1.4
70-80m: -3.01
80-90m: -8.32
90-100m: -7.47
100-110m: -8.66"
2026-02-26T18:48:52,6,100,bottom,0,"{
    ""R"": [[0.9973125222073109, -0.02295390631798261, 0.06957622606348249],
          [0.0652818415367877, -0.15265958824825052, -0.9861203432043376],
          [0.033256791998887834, 0.988012230845661, -0.15075084572009118]],
    ""t"": [0.17557044327259064, 0.738073468208313, -1.5161106586456299]
}",26.0,25.76,25.52,18.05,17.9,0.114,0.112,7.34,9.3,9.07,"30-40m: RMSE 38.05, Bias(-19.43,-2.61), N=22
40-50m: RMSE 26.73, Bias(11.28,9.17), N=203
50-60m: RMSE 27.38, Bias(11.57,11.84), N=168
60-70m: RMSE 26.06, Bias(9.58,11.92), N=135
70-80m: RMSE 25.15, Bias(12.41,8.17), N=103
80-90m: RMSE 16.79, Bias(6.16,6.94), N=84
90-100m: RMSE 21.95, Bias(5.04,4.46), N=66","IN1: RMSE 24.4, Bias(9.28,10.51), N=131
IN2: RMSE 26.81, Bias(15.73,14.81), N=131
IN3: RMSE 21.33, Bias(2.59,8.19), N=132
OUT1: RMSE 26.78, Bias(15.48,7.66), N=131
OUT2: RMSE 24.08, Bias(8.67,8.6), N=128
OUT3: RMSE 30.06, Bias(4.1,4.64), N=131","30-40m: -2.61
40-50m: 9.17
50-60m: 11.84
60-70m: 11.92
70-80m: 8.17
80-90m: 6.94
90-100m: 4.46"
2026-02-26T18:50:16,7,100,bottom,0,"{
    ""R"": [[0.9925448586132493, -0.02181505064085545, -0.11991166417801724],
          [-0.12185721538369496, -0.15865046680204922, -0.9797861238262278],
          [0.002350042411623814, 0.9870937812330844, -0.16012602646551477]],
    ""t"": [-0.010543441399931908, 0.607650876045227, -1.9163345098495483]
}",27.0,36.53,34.22,20.95,21.32,0.181,0.187,9.46,3.47,-9.05,"40-50m: RMSE 46.83, Bias(20.83,-9.69), N=169
50-60m: RMSE 39.41, Bias(8.29,-14.34), N=198
60-70m: RMSE 33.31, Bias(2.35,-7.21), N=143
70-80m: RMSE 31.98, Bias(-8.47,-4.23), N=135
80-90m: RMSE 31.47, Bias(-7.61,-3.03), N=115
90-100m: RMSE 37.46, Bias(-3.89,-11.54), N=71
100-110m: RMSE 43.0, Bias(-19.31,-11.49), N=13","IN1: RMSE 39.38, Bias(23.75,13.2), N=142
IN2: RMSE 30.16, Bias(10.3,6.52), N=141
IN3: RMSE 24.34, Bias(-0.2,0.25), N=142
OUT1: RMSE 34.6, Bias(-20.16,-2.74), N=140
OUT2: RMSE 44.16, Bias(0.6,-33.18), N=140
OUT3: RMSE 50.65, Bias(6.23,-38.52), N=142","40-50m: -9.69
50-60m: -14.34
60-70m: -7.21
70-80m: -4.23
80-90m: -3.03
90-100m: -11.54
100-110m: -11.49"
2026-02-26T18:51:40,8,100,bottom,0,"{
    ""R"": [[0.9983925373417107, -0.026499228158235237, -0.050101220418263995],
          [-0.053812801348715765, -0.1657198907627962, -0.9847035595632684],
          [0.017791115518295954, 0.985816772383482, -0.16687949992743178]],
    ""t"": [0.33222147822380066, 0.331177681684494, -2.006112813949585]
}",22.0,40.23,37.44,24.34,21.74,0.171,0.236,9.22,1.56,-22.92,"40-50m: RMSE 52.47, Bias(10.24,-34.68), N=123
50-60m: RMSE 44.05, Bias(10.97,-28.14), N=253
60-70m: RMSE 31.32, Bias(4.67,-17.79), N=213
70-80m: RMSE 31.49, Bias(-3.56,-19.26), N=150
80-90m: RMSE 33.86, Bias(-9.27,-16.48), N=140
90-100m: RMSE 31.64, Bias(-13.29,-20.78), N=105
100-110m: RMSE 32.43, Bias(-8.28,-24.74), N=26","IN1: RMSE 30.39, Bias(13.23,-15.15), N=169
IN2: RMSE 23.94, Bias(5.47,-12.91), N=174
IN3: RMSE 29.11, Bias(-15.3,-18.63), N=163
OUT1: RMSE 38.5, Bias(9.06,-24.4), N=176
OUT2: RMSE 44.84, Bias(-5.82,-30.8), N=165
OUT3: RMSE 54.74, Bias(1.51,-36.24), N=165","40-50m: -34.68
50-60m: -28.14
60-70m: -17.79
70-80m: -19.26
80-90m: -16.48
90-100m: -20.78
100-110m: -24.74"
2026-02-26T18:53:04,9,100,bottom,0,"{
    ""R"": [[0.9981230437464675, -0.02458413001346487, 0.056089304629022306],
          [0.05164940458312117, -0.15418058089971892, -0.9866917895065482],
          [0.03290484080641141, 0.9877367913694952, -0.15262143501683678]],
    ""t"": [0.021440450102090836, 0.48256808519363403, -1.4961810111999512]
}",28.0,24.76,21.55,19.08,17.62,0.12,0.11,10.41,-8.84,2.77,"30-40m: RMSE 49.65, Bias(-24.97,-23.33), N=13
40-50m: RMSE 29.13, Bias(-9.08,-6.28), N=235
50-60m: RMSE 27.16, Bias(-11.24,6.99), N=269
60-70m: RMSE 22.28, Bias(-4.95,8.24), N=247
70-80m: RMSE 21.77, Bias(-4.98,5.91), N=173
80-90m: RMSE 18.87, Bias(-10.33,1.88), N=123
90-100m: RMSE 22.28, Bias(-11.13,-1.44), N=116
100-110m: RMSE 26.39, Bias(-16.26,3.86), N=36","IN1: RMSE 22.73, Bias(-7.32,1.43), N=202
IN2: RMSE 17.85, Bias(1.7,7.67), N=202
IN3: RMSE 20.86, Bias(-9.01,7.37), N=202
OUT1: RMSE 22.01, Bias(-7.88,4.89), N=209
OUT2: RMSE 26.91, Bias(-14.06,-0.83), N=195
OUT3: RMSE 36.0, Bias(-16.69,-4.08), N=202","30-40m: -23.33
40-50m: -6.28
50-60m: 6.99
60-70m: 8.24
70-80m: 5.91
80-90m: 1.88
90-100m: -1.44
100-110m: 3.86"
2026-02-26T18:54:28,10,100,bottom,0,"{
    ""R"": [[0.9988969639841832, -0.021489506987595282, 0.04174992733660242],
          [0.038150474271082785, -0.14693856666671323, -0.9884096311443066],
          [0.027375110156361543, 0.9889121592514486, -0.1459566532521387]],
    ""t"": [0.20692478120326996, 0.5512419939041138, -1.456480860710144]
}",21.0,32.62,33.8,18.1,18.15,0.165,0.108,9.08,21.54,9.55,"30-40m: RMSE 35.5, Bias(-1.45,-11.65), N=24
40-50m: RMSE 35.58, Bias(25.94,13.32), N=165
50-60m: RMSE 37.09, Bias(24.78,12.62), N=122
60-70m: RMSE 36.33, Bias(25.87,10.78), N=84
70-80m: RMSE 33.51, Bias(23.91,6.38), N=60
80-90m: RMSE 23.7, Bias(10.66,6.72), N=35
90-100m: RMSE 28.26, Bias(7.28,-0.23), N=28
100-110m: RMSE 22.87, Bias(-21.11,5.56), N=7","IN1: RMSE 38.53, Bias(30.19,14.59), N=88
IN2: RMSE 35.58, Bias(24.46,13.07), N=87
IN3: RMSE 39.52, Bias(25.04,9.95), N=88
OUT1: RMSE 31.41, Bias(23.84,9.42), N=91
OUT2: RMSE 32.72, Bias(15.94,8.63), N=83
OUT3: RMSE 29.02, Bias(9.37,1.62), N=88","30-40m: -11.65
40-50m: 13.32
50-60m: 12.62
60-70m: 10.78
70-80m: 6.38
80-90m: 6.72
90-100m: -0.23
100-110m: 5.56"
2026-02-26T18:55:52,11,100,bottom,0,"{
    ""R"": [[0.9932944370006467, -0.033680515549974664, -0.1105973973285796],
          [-0.11462847175478842, -0.16238530379461877, -0.9800465940835118],
          [0.015049082587634523, 0.9861524405404151, -0.16515716493526134]],
    ""t"": [0.023760078474879265, 0.8831987380981445, -0.9050067663192749]
}",24.0,42.8,42.33,22.64,21.8,0.222,0.165,8.53,-25.84,-4.68,"30-40m: RMSE 62.12, Bias(-35.07,-34.32), N=8
40-50m: RMSE 48.0, Bias(-21.53,-8.05), N=171
50-60m: RMSE 46.45, Bias(-30.83,-5.33), N=194
60-70m: RMSE 46.03, Bias(-31.26,-5.34), N=131
70-80m: RMSE 46.92, Bias(-31.27,0.51), N=114
80-90m: RMSE 43.04, Bias(-21.11,1.56), N=81
90-100m: RMSE 33.64, Bias(-17.05,-4.84), N=63
100-110m: RMSE 33.73, Bias(12.72,-8.14), N=18","IN1: RMSE 29.28, Bias(-0.36,9.39), N=130
IN2: RMSE 37.74, Bias(-25.4,10.91), N=130
IN3: RMSE 45.27, Bias(-39.69,0.73), N=130
OUT1: RMSE 52.83, Bias(-42.75,1.8), N=130
OUT2: RMSE 50.65, Bias(-28.4,-19.36), N=130
OUT3: RMSE 52.22, Bias(-18.46,-31.55), N=130","30-40m: -34.32
40-50m: -8.05
50-60m: -5.33
60-70m: -5.34
70-80m: 0.51
80-90m: 1.56
90-100m: -4.84
100-110m: -8.14"
2026-02-26T18:57:16,12,100,bottom,0,"{
    ""R"": [[0.9454745127232065, -0.030312986072144874, -0.32428239031160033],
          [-0.3248801820682565, -0.1582080245204304, -0.9324285968784097],
          [-0.023039381287516418, 0.9869403952887591, -0.15942974332650592]],
    ""t"": [0.08, 0.0, -0.08]
}",19.0,44.68,44.24,28.66,27.48,0.246,0.157,21.59,11.58,-6.14,"30-40m: RMSE 68.64, Bias(48.4,-29.38), N=6
40-50m: RMSE 48.5, Bias(37.5,-8.52), N=93
50-60m: RMSE 46.85, Bias(23.88,-4.91), N=135
60-70m: RMSE 36.26, Bias(-12.67,1.16), N=80
70-80m: RMSE 43.42, Bias(5.38,-11.0), N=68
80-90m: RMSE 48.52, Bias(-11.6,-7.12), N=57
90-100m: RMSE 35.51, Bias(-6.36,-7.23), N=43
100-110m: RMSE 30.71, Bias(21.07,-3.69), N=17","IN1: RMSE 58.54, Bias(31.72,-19.32), N=84
IN2: RMSE 41.47, Bias(-3.45,2.78), N=84
IN3: RMSE 34.58, Bias(19.76,-2.83), N=82
OUT1: RMSE 34.43, Bias(-3.28,-3.44), N=84
OUT2: RMSE 37.59, Bias(-2.51,5.14), N=82
OUT3: RMSE 53.25, Bias(27.29,-18.99), N=83","30-40m: -29.38
40-50m: -8.52
50-60m: -4.91
60-70m: 1.16
70-80m: -11.0
80-90m: -7.12
90-100m: -7.23
100-110m: -3.69"
2026-02-26T18:58:40,13,100,bottom,0,"{
    ""R"": [[0.9484490132080328, -0.02739846474181149, -0.31574323979224045],
          [-0.3160016234669421, -0.15794174206287542, -0.9355198448351598],
          [-0.024237229853381774, 0.9870682500434993, -0.15845764874280602]],
    ""t"": [-0.48051831126213074, -0.022228723391890526, -0.5862460732460022]
}",19.0,46.75,44.41,29.87,26.66,0.23,0.162,18.33,-2.05,-9.02,"30-40m: RMSE 84.99, Bias(37.15,-53.01), N=12
40-50m: RMSE 40.33, Bias(12.14,-9.71), N=131
50-60m: RMSE 41.53, Bias(1.0,-5.07), N=142
60-70m: RMSE 48.2, Bias(-23.39,1.65), N=80
70-80m: RMSE 50.73, Bias(-5.9,-13.94), N=70
80-90m: RMSE 50.76, Bias(-13.32,-13.94), N=57
90-100m: RMSE 41.78, Bias(-9.24,-14.49), N=52
100-110m: RMSE 22.05, Bias(12.3,-1.88), N=16","IN1: RMSE 62.29, Bias(39.53,-22.89), N=94
IN2: RMSE 38.58, Bias(-16.4,-6.08), N=93
IN3: RMSE 30.72, Bias(-8.32,-1.69), N=95
OUT1: RMSE 42.68, Bias(-30.27,-8.77), N=93
OUT2: RMSE 46.97, Bias(-19.24,4.46), N=93
OUT3: RMSE 45.29, Bias(22.35,-19.25), N=92","30-40m: -53.01
40-50m: -9.71
50-60m: -5.07
60-70m: 1.65
70-80m: -13.94
80-90m: -13.94
90-100m: -14.49
100-110m: -1.88"
2026-02-26T19:00:04,14,100,bottom,0,"{
    ""R"": [[0.9995539850902335, -0.02798517788732098, 0.010424044745067083],
          [0.005947938377165163, -0.1555026398671794, -0.9878175697077872],
          [0.029265216884444865, 0.9874389899193535, -0.1552668292577424]],
    ""t"": [-0.03511977940797806, 0.3937288522720337, -0.7042080163955688]
}",32.0,34.26,32.75,19.34,16.96,0.193,0.125,9.36,-22.64,-1.63,"30-40m: RMSE 50.69, Bias(-34.28,-17.73), N=9
40-50m: RMSE 39.6, Bias(-19.54,-13.28), N=256
50-60m: RMSE 40.54, Bias(-23.98,-0.54), N=309
60-70m: RMSE 34.01, Bias(-19.16,2.08), N=249
70-80m: RMSE 35.77, Bias(-23.25,1.06), N=207
80-90m: RMSE 34.11, Bias(-28.47,3.05), N=145
90-100m: RMSE 33.02, Bias(-23.1,2.43), N=100
100-110m: RMSE 34.78, Bias(-27.49,6.87), N=27","IN1: RMSE 24.34, Bias(-10.6,8.49), N=218
IN2: RMSE 28.13, Bias(-20.11,10.26), N=216
IN3: RMSE 27.24, Bias(-14.48,-0.68), N=220
OUT1: RMSE 36.47, Bias(-29.5,3.42), N=214
OUT2: RMSE 45.73, Bias(-32.76,-10.37), N=217
OUT3: RMSE 52.31, Bias(-28.67,-20.82), N=217","30-40m: -17.73
40-50m: -13.28
50-60m: -0.54
60-70m: 2.08
70-80m: 1.06
80-90m: 3.05
90-100m: 2.43
100-110m: 6.87"
2026-02-26T19:01:28,15,100,bottom,0,"{
    ""R"": [[0.9980092186758748, -0.02649628645376185, -0.057232388051955546],
          [-0.060807761134511557, -0.1634816718806586, -0.9846705840761735],
          [0.016733667373819237, 0.9861904936488002, -0.16476739547907415]],
    ""t"": [0.08, 0.0, -0.08]
}",27.0,36.9,29.89,23.7,23.23,0.166,0.21,10.14,-3.37,-17.95,"40-50m: RMSE 53.1, Bias(10.84,-35.51), N=126
50-60m: RMSE 41.49, Bias(0.17,-22.92), N=292
60-70m: RMSE 28.93, Bias(0.38,-11.51), N=263
70-80m: RMSE 32.18, Bias(-8.56,-15.56), N=200
80-90m: RMSE 34.08, Bias(-12.47,-12.23), N=187
90-100m: RMSE 30.61, Bias(-9.18,-14.65), N=156
100-110m: RMSE 31.02, Bias(-7.32,-17.49), N=41","IN1: RMSE 26.07, Bias(9.19,-8.28), N=212
IN2: RMSE 20.26, Bias(-0.52,-3.15), N=213
IN3: RMSE 25.43, Bias(-15.14,-8.16), N=209
OUT1: RMSE 41.55, Bias(2.6,-29.23), N=215
OUT2: RMSE 41.53, Bias(-18.01,-25.29), N=207
OUT3: RMSE 53.37, Bias(1.03,-33.57), N=212","40-50m: -35.51
50-60m: -22.92
60-70m: -11.51
70-80m: -15.56
80-90m: -12.23
90-100m: -14.65
100-110m: -17.49"
2026-02-26T19:06:39,16,100,bottom,-1,"{
    ""R"": [[1, 0.0, 0.0],
          [0.0, 0.0, -1.0],
          [0.0, 1.0, 0.0]],
    ""t"": [0.08, 0.0, -0.08]
}",,,,,,,,,,,,,
2026-02-26T19:08:03,17,100,bottom,0,"{
    ""R"": [[0.9994324811583233, -0.027023225144817586, 0.020111213501187414],
          [0.015688866318299338, -0.15490359891968405, -0.9878050083469793],
          [0.02980897648971471, 0.987559932532959, -0.15439172444186694]],
    ""t"": [0.1051144003868103, 0.4761848449707031, -1.3165993690490723]
}",31.0,28.83,26.93,19.66,18.93,0.138,0.124,9.49,-11.66,-0.24,"30-40m: RMSE 46.96, Bias(-26.84,-28.63), N=9
40-50m: RMSE 33.16, Bias(-5.26,-11.23), N=270
50-60m: RMSE 31.63, Bias(-11.47,1.48), N=308
60-70m: RMSE 26.39, Bias(-9.09,4.01), N=254
70-80m: RMSE 25.76, Bias(-10.96,4.74), N=185
80-90m: RMSE 25.43, Bias(-16.82,2.64), N=142
90-100m: RMSE 29.93, Bias(-21.48,0.06), N=109
100-110m: RMSE 33.11, Bias(-27.37,6.15), N=40","IN1: RMSE 21.21, Bias(-3.26,7.64), N=220
IN2: RMSE 22.63, Bias(-12.03,9.03), N=220
IN3: RMSE 25.31, Bias(-5.75,0.12), N=220
OUT1: RMSE 30.44, Bias(-20.55,2.01), N=218
OUT2: RMSE 32.21, Bias(-12.92,-6.26), N=220
OUT3: RMSE 41.38, Bias(-15.53,-14.0), N=219","30-40m: -28.63
40-50m: -11.23
50-60m: 1.48
60-70m: 4.01
70-80m: 4.74
80-90m: 2.64
90-100m: 0.06
100-110m: 6.15"
2026-02-26T19:09:28,18,100,bottom,0,"{
    ""R"": [[0.996541534018979, -0.02476319654951659, -0.07932058416168229],
          [-0.08232896867561693, -0.16482185215374337, -0.9828813244585632],
          [0.011265517826971211, 0.9860124447233207, -0.16629054981817376]],
    ""t"": [0.08, 0.0, -0.08]
}",26.0,38.9,33.79,23.3,21.64,0.195,0.201,8.89,5.95,-16.73,"30-40m: RMSE 58.95, Bias(31.43,-7.03), N=5
40-50m: RMSE 54.74, Bias(19.37,-29.75), N=97
50-60m: RMSE 43.74, Bias(14.26,-22.4), N=260
60-70m: RMSE 30.43, Bias(9.93,-12.64), N=224
70-80m: RMSE 30.75, Bias(2.1,-12.95), N=168
80-90m: RMSE 32.6, Bias(-5.43,-12.44), N=167
90-100m: RMSE 27.81, Bias(-7.78,-13.86), N=122
100-110m: RMSE 26.92, Bias(-3.11,-14.29), N=29","IN1: RMSE 33.19, Bias(22.01,-9.87), N=180
IN2: RMSE 23.83, Bias(15.06,-4.26), N=178
IN3: RMSE 22.88, Bias(-13.44,-8.31), N=178
OUT1: RMSE 38.21, Bias(6.65,-24.7), N=186
OUT2: RMSE 40.45, Bias(-9.29,-22.41), N=171
OUT3: RMSE 53.94, Bias(13.84,-30.7), N=179","30-40m: -7.03
40-50m: -29.75
50-60m: -22.4
60-70m: -12.64
70-80m: -12.95
80-90m: -12.44
90-100m: -13.86
100-110m: -14.29"
2026-02-26T19:10:52,19,100,bottom,0,"{
    ""R"": [[0.9929721797743473, -0.023495882439556165, -0.11599221397390408],
          [-0.11827489438963322, -0.16257025143677567, -0.9795825451205756],
          [0.004159272929548387, 0.9864171819550639, -0.16420670994976894]],
    ""t"": [0.08, 0.0, -0.08]
}",26.0,38.55,36.05,23.82,22.41,0.193,0.183,12.34,8.85,-9.81,"40-50m: RMSE 57.69, Bias(31.63,-22.21), N=106
50-60m: RMSE 47.71, Bias(19.72,-17.33), N=235
60-70m: RMSE 31.99, Bias(13.75,-1.04), N=214
70-80m: RMSE 30.33, Bias(1.71,-9.7), N=173
80-90m: RMSE 29.3, Bias(-2.99,-7.89), N=173
90-100m: RMSE 25.96, Bias(-7.47,-5.43), N=139
100-110m: RMSE 24.51, Bias(-4.36,-5.89), N=36","IN1: RMSE 39.17, Bias(32.18,6.62), N=181
IN2: RMSE 24.81, Bias(12.17,6.99), N=180
IN3: RMSE 21.42, Bias(-5.62,2.99), N=182
OUT1: RMSE 45.54, Bias(12.43,-28.01), N=179
OUT2: RMSE 33.38, Bias(-9.97,-18.0), N=178
OUT3: RMSE 52.19, Bias(11.75,-29.79), N=181","40-50m: -22.21
50-60m: -17.33
60-70m: -1.04
70-80m: -9.7
80-90m: -7.89
90-100m: -5.43
100-110m: -5.89"
2026-02-26T19:12:16,20,100,bottom,0,"{
    ""R"": [[0.992167834893313, -0.028904266413370096, -0.12152172968741208],
          [-0.12464077552244124, -0.16502064566303917, -0.9783827796839627],
          [0.008225842223132262, 0.9858664868470058, -0.16733082690186438]],
    ""t"": [0.14548873901367188, 0.47781091928482056, -1.1825488805770874]
}",26.0,37.61,34.19,24.67,23.69,0.185,0.19,14.79,-8.1,-8.49,"40-50m: RMSE 43.83, Bias(14.24,-16.0), N=167
50-60m: RMSE 40.56, Bias(0.8,-13.6), N=241
60-70m: RMSE 30.77, Bias(-6.81,-0.93), N=198
70-80m: RMSE 36.0, Bias(-18.0,-7.85), N=170
80-90m: RMSE 37.01, Bias(-19.92,-5.78), N=155
90-100m: RMSE 36.22, Bias(-25.8,-5.12), N=119
100-110m: RMSE 40.21, Bias(-27.29,-4.04), N=26","IN1: RMSE 28.39, Bias(13.09,12.06), N=180
IN2: RMSE 28.27, Bias(-16.12,9.38), N=180
IN3: RMSE 31.7, Bias(-13.52,1.27), N=179
OUT1: RMSE 38.71, Bias(-9.06,-23.22), N=180
OUT2: RMSE 41.0, Bias(-28.75,-15.77), N=178
OUT3: RMSE 52.83, Bias(5.51,-34.68), N=180","40-50m: -16.0
50-60m: -13.6
60-70m: -0.93
70-80m: -7.85
80-90m: -5.78
90-100m: -5.12
100-110m: -4.04"
2026-02-26T19:13:40,21,100,bottom,0,"{
    ""R"": [[0.9950823130098063, -0.023650083819625488, -0.09618660962097585],
          [-0.09874417574076606, -0.16042395654565744, -0.9820966051888754],
          [0.007796030549577046, 0.9867648289747467, -0.1619703497746068]],
    ""t"": [0.08530377596616745, 0.1455920934677124, -1.9836808443069458]
}",24.0,36.67,28.64,23.17,22.68,0.159,0.191,9.23,1.35,-12.71,"40-50m: RMSE 51.79, Bias(16.3,-28.36), N=129
50-60m: RMSE 43.11, Bias(10.1,-21.02), N=244
60-70m: RMSE 27.56, Bias(6.11,-3.97), N=222
70-80m: RMSE 29.02, Bias(-4.66,-9.99), N=176
80-90m: RMSE 28.96, Bias(-13.31,-7.51), N=163
90-100m: RMSE 28.84, Bias(-8.72,-8.33), N=132
100-110m: RMSE 26.48, Bias(-7.53,-7.46), N=38","IN1: RMSE 26.48, Bias(15.21,0.33), N=184
IN2: RMSE 20.47, Bias(6.55,4.29), N=186
IN3: RMSE 23.13, Bias(-14.76,1.39), N=182
OUT1: RMSE 42.56, Bias(7.22,-25.83), N=185
OUT2: RMSE 35.19, Bias(-11.77,-19.9), N=183
OUT3: RMSE 53.33, Bias(5.34,-36.56), N=184","40-50m: -28.36
50-60m: -21.02
60-70m: -3.97
70-80m: -9.99
80-90m: -7.51
90-100m: -8.33
100-110m: -7.46"
2026-02-26T19:15:04,22,100,bottom,0,"{
    ""R"": [[0.9965926683467587, -0.033884871761560985, -0.07519886211366224],
          [-0.07985443093673313, -0.1681541421105598, -0.9825209689115196],
          [0.02064759688819829, 0.985178156455351, -0.17028704233140646]],
    ""t"": [0.12899069488048553, 0.3369383215904236, -1.5001667737960815]
}",23.0,49.25,46.11,23.67,22.68,0.261,0.234,10.39,-22.45,-21.59,"30-40m: RMSE 74.57, Bias(52.53,-4.32), N=8
40-50m: RMSE 56.25, Bias(-14.42,-40.75), N=149
50-60m: RMSE 49.19, Bias(-18.49,-20.94), N=260
60-70m: RMSE 43.12, Bias(-31.39,-15.52), N=216
70-80m: RMSE 47.63, Bias(-31.28,-19.97), N=137
80-90m: RMSE 48.47, Bias(-21.55,-18.23), N=154
90-100m: RMSE 44.97, Bias(-26.0,-17.89), N=91
100-110m: RMSE 37.04, Bias(1.27,-13.95), N=21","IN1: RMSE 40.35, Bias(-26.92,-15.49), N=173
IN2: RMSE 33.99, Bias(-24.28,-10.61), N=174
IN3: RMSE 49.37, Bias(-43.09,-15.76), N=172
OUT1: RMSE 46.6, Bias(-21.6,-20.06), N=172
OUT2: RMSE 62.72, Bias(-31.47,-41.94), N=172
OUT3: RMSE 52.67, Bias(12.49,-25.84), N=173","30-40m: -4.32
40-50m: -40.75
50-60m: -20.94
60-70m: -15.52
70-80m: -19.97
80-90m: -18.23
90-100m: -17.89
100-110m: -13.95"
2026-02-26T19:16:29,23,100,bottom,0,"{
    ""R"": [[0.999607310006697, -0.02784376468993166, 0.003154449090823849],
          [-0.00122399386953776, -0.15584873461250287, -0.9877801748155756],
          [0.027995135652148825, 0.9873884223989936, -0.1558216149712367]],
    ""t"": [-0.036766160279512405, 0.4162617325782776, -0.8324587941169739]
}",31.0,33.91,34.85,19.43,16.69,0.184,0.128,9.17,-21.34,-2.37,"30-40m: RMSE 52.35, Bias(-33.48,-22.08), N=11
40-50m: RMSE 40.3, Bias(-16.67,-14.18), N=265
50-60m: RMSE 37.73, Bias(-21.03,0.4), N=316
60-70m: RMSE 33.74, Bias(-17.6,1.45), N=254
70-80m: RMSE 35.88, Bias(-22.79,-0.14), N=209
80-90m: RMSE 33.51, Bias(-25.83,0.89), N=139
90-100m: RMSE 36.78, Bias(-29.06,0.55), N=108
100-110m: RMSE 36.77, Bias(-33.26,5.67), N=33","IN1: RMSE 23.8, Bias(-9.03,8.35), N=223
IN2: RMSE 27.9, Bias(-19.33,9.86), N=222
IN3: RMSE 28.79, Bias(-14.91,-1.05), N=223
OUT1: RMSE 37.77, Bias(-29.91,1.11), N=222
OUT2: RMSE 44.16, Bias(-30.59,-9.9), N=222
OUT3: RMSE 51.08, Bias(-24.36,-22.54), N=223","30-40m: -22.08
40-50m: -14.18
50-60m: 0.4
60-70m: 1.45
70-80m: -0.14
80-90m: 0.89
90-100m: 0.55
100-110m: 5.67"
2026-02-26T19:17:53,24,100,bottom,0,"{
    ""R"": [[0.9982022001952443, -0.02762817525254098, -0.05318882831561251],
          [-0.05704500259745158, -0.16563200137557407, -0.9845363923182214],
          [0.018391171904735534, 0.9858005498337562, -0.16691027752488355]],
    ""t"": [0.08, 0.0, -0.08]
}",26.0,41.0,36.81,21.8,20.56,0.183,0.236,9.26,-4.02,-22.48,"30-40m: RMSE 69.17, Bias(35.55,-11.55), N=5
40-50m: RMSE 50.44, Bias(11.01,-30.42), N=95
50-60m: RMSE 41.89, Bias(3.39,-26.18), N=260
60-70m: RMSE 33.2, Bias(-2.81,-22.28), N=228
70-80m: RMSE 34.85, Bias(-11.42,-19.98), N=148
80-90m: RMSE 35.08, Bias(-13.69,-15.91), N=153
90-100m: RMSE 36.06, Bias(-12.71,-20.12), N=120
100-110m: RMSE 36.24, Bias(-11.49,-22.95), N=31","IN1: RMSE 32.09, Bias(7.45,-20.79), N=175
IN2: RMSE 25.98, Bias(6.18,-15.88), N=173
IN3: RMSE 32.86, Bias(-21.74,-17.97), N=174
OUT1: RMSE 33.67, Bias(-6.62,-22.3), N=172
OUT2: RMSE 45.58, Bias(-12.38,-28.41), N=173
OUT3: RMSE 53.73, Bias(2.9,-29.55), N=174","30-40m: -11.55
40-50m: -30.42
50-60m: -26.18
60-70m: -22.28
70-80m: -19.98
80-90m: -15.91
90-100m: -20.12
100-110m: -22.95"
2026-02-26T19:19:17,25,100,bottom,0,"{
    ""R"": [[0.9960200575009176, -0.025581640994104444, -0.08537929901279767],
          [-0.08845677746206085, -0.16625673350128384, -0.9821069682506637],
          [0.010929024517099512, 0.9857506166417201, -0.1678579107863933]],
    ""t"": [0.08, 0.0, -0.08]
}",26.0,38.65,33.33,23.72,22.82,0.175,0.211,13.65,0.71,-18.52,"40-50m: RMSE 50.56, Bias(16.85,-31.0), N=104
50-60m: RMSE 44.1, Bias(11.23,-23.2), N=277
60-70m: RMSE 29.35, Bias(4.47,-12.5), N=249
70-80m: RMSE 30.94, Bias(-4.84,-16.11), N=182
80-90m: RMSE 33.75, Bias(-13.97,-16.56), N=165
90-100m: RMSE 29.56, Bias(-12.43,-15.82), N=127
100-110m: RMSE 32.52, Bias(-10.66,-21.88), N=36","IN1: RMSE 28.81, Bias(15.7,-8.15), N=191
IN2: RMSE 21.32, Bias(7.89,-5.76), N=192
IN3: RMSE 26.32, Bias(-15.92,-10.58), N=191
OUT1: RMSE 35.69, Bias(7.01,-23.79), N=191
OUT2: RMSE 44.16, Bias(-8.42,-34.11), N=190
OUT3: RMSE 53.53, Bias(-2.06,-28.86), N=191","40-50m: -31.0
50-60m: -23.2
60-70m: -12.5
70-80m: -16.11
80-90m: -16.56
90-100m: -15.82
100-110m: -21.88"
2026-02-26T19:20:41,26,100,bottom,0,"{
    ""R"": [[0.9924380709526777, -0.028258523550630125, -0.11944928283780465],
          [-0.1225388627030331, -0.1715282091209074, -0.9775286699648355],
          [0.007134595375671724, 0.9847738467904764, -0.1736938923114823]],
    ""t"": [0.152769535779953, 0.6492144465446472, -0.9425099492073059]
}",25.0,38.84,31.92,24.29,23.45,0.186,0.197,13.44,-5.4,-10.11,"40-50m: RMSE 45.42, Bias(17.39,-16.28), N=170
50-60m: RMSE 42.57, Bias(5.32,-12.75), N=243
60-70m: RMSE 28.37, Bias(-5.06,-2.2), N=210
70-80m: RMSE 32.07, Bias(-16.19,-8.79), N=149
80-90m: RMSE 36.03, Bias(-21.81,-9.43), N=145
90-100m: RMSE 34.11, Bias(-24.03,-10.85), N=113
100-110m: RMSE 34.03, Bias(-23.59,-11.98), N=27","IN1: RMSE 29.02, Bias(11.9,9.75), N=177
IN2: RMSE 20.01, Bias(0.35,6.83), N=177
IN3: RMSE 34.22, Bias(-29.88,-1.62), N=176
OUT1: RMSE 35.52, Bias(-0.01,-16.27), N=177
OUT2: RMSE 41.14, Bias(-17.14,-26.46), N=176
OUT3: RMSE 54.9, Bias(2.16,-32.93), N=177","40-50m: -16.28
50-60m: -12.75
60-70m: -2.2
70-80m: -8.79
80-90m: -9.43
90-100m: -10.85
100-110m: -11.98"
2026-02-26T19:25:52,27,100,bottom,-1,"{
    ""R"": [[1, 0.0, 0.0],
          [0.0, 0.0, -1.0],
          [0.0, 1.0, 0.0]],
    ""t"": [0.08, 0.0, -0.08]
}",,,,,,,,,,,,,
2026-02-26T19:27:17,28,100,bottom,0,"{
    ""R"": [[0.9995755568764754, -0.026942594822729277, 0.011081637031691793],
          [0.0067677940546021975, -0.1552241419684589, -0.9878560941320302],
          [0.028335544087213345, 0.9875118036430613, -0.15497591621573914]],
    ""t"": [0.03763595595955849, 0.40184396505355835, -1.04426109790802]
}",28.0,30.87,27.38,19.07,17.56,0.152,0.127,9.77,-16.17,0.84,"30-40m: RMSE 52.08, Bias(-24.11,-33.4), N=8
40-50m: RMSE 36.4, Bias(-10.87,-12.54), N=247
50-60m: RMSE 31.87, Bias(-15.78,4.12), N=270
60-70m: RMSE 26.0, Bias(-10.41,6.93), N=227
70-80m: RMSE 28.32, Bias(-18.27,4.6), N=175
80-90m: RMSE 27.97, Bias(-22.7,5.15), N=132
90-100m: RMSE 31.64, Bias(-25.51,0.64), N=116
100-110m: RMSE 35.07, Bias(-27.78,4.64), N=30","IN1: RMSE 22.57, Bias(-5.45,6.6), N=201
IN2: RMSE 20.5, Bias(-8.07,10.18), N=201
IN3: RMSE 24.81, Bias(-11.7,9.4), N=201
OUT1: RMSE 32.66, Bias(-25.12,2.94), N=200
OUT2: RMSE 37.0, Bias(-23.46,-7.1), N=201
OUT3: RMSE 43.15, Bias(-23.28,-16.95), N=201","30-40m: -33.4
40-50m: -12.54
50-60m: 4.12
60-70m: 6.93
70-80m: 4.6
80-90m: 5.15
90-100m: 0.64
100-110m: 4.64"
2026-02-26T19:28:42,29,100,bottom,0,"{
    ""R"": [[0.9850688075296742, -0.02202045484232862, -0.1707470175452613],
          [-0.1720651870286277, -0.15902735579899052, -0.9721645290383645],
          [-0.005745941599783759, 0.9870285708509744, -0.16044184142241022]],
    ""t"": [-0.0797024667263031, 0.6621371507644653, -1.7860041856765747]
}",21.0,37.47,36.88,25.3,24.04,0.193,0.169,11.31,2.25,-7.37,"40-50m: RMSE 47.73, Bias(16.95,-8.05), N=121
50-60m: RMSE 40.31, Bias(4.69,-15.46), N=151
60-70m: RMSE 33.22, Bias(-2.83,-5.37), N=112
70-80m: RMSE 42.88, Bias(-3.13,-9.12), N=101
80-90m: RMSE 33.65, Bias(-7.21,1.55), N=98
90-100m: RMSE 29.99, Bias(-2.84,0.15), N=53","IN1: RMSE 46.75, Bias(30.48,-0.56), N=108
IN2: RMSE 36.29, Bias(3.84,6.62), N=106
IN3: RMSE 23.49, Bias(-3.69,3.84), N=111
OUT1: RMSE 34.43, Bias(-22.32,3.82), N=102
OUT2: RMSE 41.6, Bias(6.04,-27.65), N=107
OUT3: RMSE 48.8, Bias(-2.01,-30.1), N=107","40-50m: -8.05
50-60m: -15.46
60-70m: -5.37
70-80m: -9.12
80-90m: 1.55
90-100m: 0.15"
2026-02-26T19:30:06,30,100,bottom,0,"{
    ""R"": [[0.9957979359096429, -0.02534595617427659, 0.08800030308871042],
          [0.08311908689264015, -0.1532127281906378, -0.9846913614501323],
          [0.03844071061032834, 0.9878681300791073, -0.150462185753696]],
    ""t"": [0.17210668325424194, 0.5413258671760559, -1.9338597059249878]
}",29.0,25.11,22.43,20.31,18.97,0.113,0.11,10.1,-1.01,-1.63,"30-40m: RMSE 50.03, Bias(-17.54,-24.86), N=22
40-50m: RMSE 28.04, Bias(-0.03,-9.7), N=215
50-60m: RMSE 26.66, Bias(-1.22,1.12), N=250
60-70m: RMSE 24.7, Bias(1.58,2.89), N=242
70-80m: RMSE 22.57, Bias(1.35,0.73), N=169
80-90m: RMSE 18.64, Bias(-3.7,-1.1), N=142
90-100m: RMSE 20.06, Bias(-3.26,-2.66), N=142
100-110m: RMSE 24.27, Bias(-3.75,1.37), N=45","IN1: RMSE 22.71, Bias(-4.07,-4.09), N=205
IN2: RMSE 18.01, Bias(6.47,5.69), N=205
IN3: RMSE 19.89, Bias(-6.5,3.84), N=205
OUT1: RMSE 24.59, Bias(2.16,-2.4), N=204
OUT2: RMSE 22.15, Bias(-4.21,0.55), N=203
OUT3: RMSE 37.76, Bias(0.06,-13.35), N=205","30-40m: -24.86
40-50m: -9.7
50-60m: 1.12
60-70m: 2.89
70-80m: 0.73
80-90m: -1.1
90-100m: -2.66
100-110m: 1.37"
2026-02-26T19:31:30,31,100,bottom,0,"{
    ""R"": [[0.9994775120609725, -0.025953683617176666, 0.019264194535695705],
          [0.015018313870607002, -0.15485813228125192, -0.9878225595292137],
          [0.02862085136563108, 0.9875957498759614, -0.15438744020821335]],
    ""t"": [0.23858428001403809, 0.4998835623264313, -0.7680038809776306]
}",29.0,25.64,26.1,18.69,18.39,0.123,0.119,10.8,-0.05,4.63,"30-40m: RMSE 36.65, Bias(-14.56,-23.39), N=10
40-50m: RMSE 30.41, Bias(9.62,-2.52), N=233
50-60m: RMSE 26.75, Bias(0.72,8.1), N=259
60-70m: RMSE 25.11, Bias(4.37,8.47), N=203
70-80m: RMSE 22.22, Bias(-2.98,8.28), N=154
80-90m: RMSE 16.5, Bias(-6.79,6.42), N=105
90-100m: RMSE 25.21, Bias(-14.24,0.14), N=98
100-110m: RMSE 36.34, Bias(-31.03,2.82), N=21","IN1: RMSE 27.03, Bias(14.93,11.99), N=181
IN2: RMSE 21.72, Bias(3.61,10.59), N=181
IN3: RMSE 24.49, Bias(6.75,9.02), N=180
OUT1: RMSE 25.93, Bias(-14.46,3.3), N=180
OUT2: RMSE 28.29, Bias(-2.97,-2.64), N=181
OUT3: RMSE 28.42, Bias(-8.22,-4.49), N=180","30-40m: -23.39
40-50m: -2.52
50-60m: 8.1
60-70m: 8.47
70-80m: 8.28
80-90m: 6.42
90-100m: 0.14
100-110m: 2.82"
2026-02-26T19:32:54,32,100,bottom,0,"{
    ""R"": [[0.9990196871677669, -0.02414898749578248, -0.03710109235784221],
          [-0.04045315136997053, -0.1576508855124109, -0.9866659722729827],
          [0.01797796416324287, 0.9871995870643793, -0.1584732409729288]],
    ""t"": [0.15146759152412415, 0.3784327208995819, -1.8871541023254395]
}",28.0,32.1,26.57,20.59,20.26,0.142,0.186,12.18,-0.46,-11.13,"40-50m: RMSE 41.89, Bias(10.42,-21.88), N=179
50-60m: RMSE 38.45, Bias(5.65,-15.04), N=279
60-70m: RMSE 32.22, Bias(4.32,-6.32), N=239
70-80m: RMSE 27.75, Bias(-3.54,-8.26), N=216
80-90m: RMSE 26.26, Bias(-9.37,-7.18), N=171
90-100m: RMSE 26.65, Bias(-13.1,-7.24), N=146
100-110m: RMSE 33.7, Bias(-13.75,-7.93), N=55","IN1: RMSE 22.89, Bias(9.51,7.21), N=216
IN2: RMSE 19.71, Bias(-3.16,7.5), N=214
IN3: RMSE 24.66, Bias(0.56,-0.65), N=219
OUT1: RMSE 31.06, Bias(-16.98,-10.11), N=210
OUT2: RMSE 44.49, Bias(5.7,-31.81), N=214
OUT3: RMSE 47.55, Bias(1.17,-39.2), N=215","40-50m: -21.88
50-60m: -15.04
60-70m: -6.32
70-80m: -8.26
80-90m: -7.18
90-100m: -7.24
100-110m: -7.93"
2026-02-26T19:34:18,33,100,bottom,0,"{
    ""R"": [[0.9906454121294763, -0.031244782585440153, -0.13283610573939328],
          [-0.13620086748013133, -0.16628642273589667, -0.9766259003893752],
          [0.008425623091404795, 0.985582360421942, -0.16898644827510395]],
    ""t"": [0.19444745779037476, 0.3994244635105133, -0.8031927347183228]
}",25.0,40.1,36.66,23.56,22.68,0.213,0.203,16.48,-12.84,-7.33,"40-50m: RMSE 41.12, Bias(15.16,-10.99), N=153
50-60m: RMSE 42.27, Bias(-5.24,-13.09), N=203
60-70m: RMSE 31.72, Bias(-13.49,2.21), N=170
70-80m: RMSE 38.89, Bias(-18.64,-8.07), N=169
80-90m: RMSE 41.49, Bias(-27.85,-7.01), N=171
90-100m: RMSE 40.97, Bias(-30.43,-4.63), N=107
100-110m: RMSE 44.74, Bias(-24.78,-4.29), N=27","IN1: RMSE 28.09, Bias(8.3,12.99), N=169
IN2: RMSE 30.53, Bias(-20.21,9.18), N=167
IN3: RMSE 36.34, Bias(-25.82,6.65), N=166
OUT1: RMSE 43.4, Bias(-11.51,-25.73), N=169
OUT2: RMSE 43.84, Bias(-33.42,-12.12), N=165
OUT3: RMSE 52.04, Bias(4.91,-34.79), N=168","40-50m: -10.99
50-60m: -13.09
60-70m: 2.21
70-80m: -8.07
80-90m: -7.01
90-100m: -4.63
100-110m: -4.29"
2026-02-26T19:35:42,34,100,bottom,0,"{
    ""R"": [[0.9900632322567253, -0.023036711413575602, -0.1387231273458496],
          [-0.14062252744772402, -0.15996240222306538, -0.9770554409291426],
          [0.000317659533610431, 0.9868542647231523, -0.16161237356757946]],
    ""t"": [-0.019744811579585075, 0.3553988039493561, -1.7577866315841675]
}",24.0,35.75,31.27,23.78,22.33,0.178,0.171,12.78,0.6,-4.47,"30-40m: RMSE 49.62, Bias(-5.87,-18.91), N=5
40-50m: RMSE 43.37, Bias(20.15,-3.25), N=148
50-60m: RMSE 42.98, Bias(6.64,-15.55), N=183
60-70m: RMSE 30.87, Bias(1.85,2.15), N=145
70-80m: RMSE 31.14, Bias(-9.63,-0.14), N=137
80-90m: RMSE 32.33, Bias(-12.88,-3.46), N=118
90-100m: RMSE 28.66, Bias(-19.28,-0.21), N=50
100-110m: RMSE 31.29, Bias(-13.5,-2.26), N=14","IN1: RMSE 35.62, Bias(23.02,16.99), N=134
IN2: RMSE 25.61, Bias(-7.76,10.02), N=135
IN3: RMSE 27.21, Bias(10.31,4.46), N=132
OUT1: RMSE 26.0, Bias(-12.58,-3.75), N=133
OUT2: RMSE 42.19, Bias(-11.21,-22.19), N=137
OUT3: RMSE 54.7, Bias(2.21,-32.75), N=130","30-40m: -18.91
40-50m: -3.25
50-60m: -15.55
60-70m: 2.15
70-80m: -0.14
80-90m: -3.46
90-100m: -0.21
100-110m: -2.26"
2026-02-26T19:37:06,35,100,bottom,0,"{
    ""R"": [[0.9884133840435618, -0.0237339365385003, 0.14991891975310948],
          [0.1447523452046752, -0.14979164783273063, -0.9780640167173621],
          [0.04566991133448168, 0.9884326797996612, -0.1446205265609245]],
    ""t"": [0.20179349184036255, 0.38463249802589417, -2.0232632160186768]
}",25.0,27.45,27.03,19.69,19.69,0.128,0.117,10.89,9.63,-6.63,"30-40m: RMSE 43.38, Bias(-24.85,6.33), N=20
40-50m: RMSE 34.97, Bias(1.74,-15.63), N=140
50-60m: RMSE 31.49, Bias(6.2,-11.35), N=228
60-70m: RMSE 26.82, Bias(12.69,-5.03), N=228
70-80m: RMSE 25.46, Bias(15.64,-0.86), N=153
80-90m: RMSE 22.01, Bias(10.94,-4.14), N=129
90-100m: RMSE 23.04, Bias(14.02,-5.1), N=137
100-110m: RMSE 26.23, Bias(13.78,-0.07), N=45","IN1: RMSE 35.61, Bias(5.58,-24.41), N=180
IN2: RMSE 28.55, Bias(21.48,-6.55), N=180
IN3: RMSE 20.38, Bias(11.27,-5.91), N=180
OUT1: RMSE 27.3, Bias(6.28,0.4), N=180
OUT2: RMSE 28.63, Bias(11.92,-9.47), N=185
OUT3: RMSE 27.13, Bias(0.94,6.6), N=175","30-40m: 6.33
40-50m: -15.63
50-60m: -11.35
60-70m: -5.03
70-80m: -0.86
80-90m: -4.14
90-100m: -5.1
100-110m: -0.07"
2026-02-26T19:38:30,36,100,bottom,0,"{
    ""R"": [[0.9967915679710826, -0.029926635234119477, -0.07423588435059299],
          [-0.07825627128666367, -0.16961310983481717, -0.9823987728903526],
          [0.016808510524694203, 0.9850562367071878, -0.1714108645862768]],
    ""t"": [-0.054297082126140594, 0.10891596227884293, -1.1714199781417847]
}",21.0,48.19,47.37,22.79,23.19,0.266,0.279,11.35,-16.19,-28.45,"30-40m: RMSE 66.04, Bias(39.45,-15.34), N=10
40-50m: RMSE 57.16, Bias(0.85,-41.45), N=105
50-60m: RMSE 46.73, Bias(-8.07,-23.81), N=213
60-70m: RMSE 44.44, Bias(-24.69,-27.25), N=204
70-80m: RMSE 49.22, Bias(-21.14,-31.35), N=149
80-90m: RMSE 48.72, Bias(-24.15,-26.96), N=127
90-100m: RMSE 47.13, Bias(-22.85,-27.07), N=101
100-110m: RMSE 44.44, Bias(-13.78,-26.47), N=18","IN1: RMSE 46.15, Bias(-22.36,-31.35), N=156
IN2: RMSE 40.08, Bias(-19.78,-28.29), N=154
IN3: RMSE 50.45, Bias(-38.81,-27.21), N=156
OUT1: RMSE 48.82, Bias(-21.21,-29.98), N=155
OUT2: RMSE 53.2, Bias(-17.97,-35.3), N=155
OUT3: RMSE 50.64, Bias(23.69,-18.44), N=153","30-40m: -15.34
40-50m: -41.45
50-60m: -23.81
60-70m: -27.25
70-80m: -31.35
80-90m: -26.96
90-100m: -27.07
100-110m: -26.47"
2026-02-26T19:39:54,37,100,bottom,0,"{
    ""R"": [[0.9977619714803371, -0.02133836930959804, 0.06336972670667193],
          [0.05948260402045965, -0.1496457607913514, -0.9869488163507378],
          [0.03054288929712234, 0.9885093931128751, -0.14804158753876867]],
    ""t"": [0.23564201593399048, 0.7362704873085022, -1.8348551988601685]
}",23.0,30.67,32.42,17.71,16.97,0.143,0.115,7.99,19.53,8.48,"30-40m: RMSE 34.72, Bias(-1.99,4.86), N=24
40-50m: RMSE 35.11, Bias(24.45,13.99), N=180
50-60m: RMSE 36.53, Bias(24.7,10.78), N=147
60-70m: RMSE 36.04, Bias(23.03,3.11), N=106
70-80m: RMSE 30.46, Bias(19.35,4.51), N=75
80-90m: RMSE 23.06, Bias(11.78,8.08), N=62
90-100m: RMSE 23.87, Bias(5.17,1.92), N=49
100-110m: RMSE 19.83, Bias(-17.8,4.49), N=8","IN1: RMSE 33.58, Bias(24.17,16.28), N=109
IN2: RMSE 30.25, Bias(20.34,13.11), N=108
IN3: RMSE 37.09, Bias(23.78,7.3), N=109
OUT1: RMSE 25.94, Bias(14.59,7.48), N=108
OUT2: RMSE 35.33, Bias(16.25,10.93), N=108
OUT3: RMSE 35.72, Bias(18.02,-4.19), N=109","30-40m: 4.86
40-50m: 13.99
50-60m: 10.78
60-70m: 3.11
70-80m: 4.51
80-90m: 8.08
90-100m: 1.92
100-110m: 4.49"
2026-02-26T19:41:18,38,100,bottom,0,"{
    ""R"": [[0.9969033802640296, -0.02730284869627891, -0.07374418533837071],
          [-0.07724501154443685, -0.1643870973369449, -0.9833667120767479],
          [0.014726119979536049, 0.9860179697562328, -0.16598706186973194]],
    ""t"": [0.2313624769449234, 0.8101403117179871, -1.2575620412826538]
}",28.0,33.72,30.13,21.97,20.71,0.152,0.188,11.84,-3.99,-8.18,"30-40m: RMSE 62.81, Bias(-9.51,-56.21), N=8
40-50m: RMSE 42.49, Bias(11.91,-10.02), N=191
50-60m: RMSE 36.63, Bias(0.59,-11.45), N=231
