timestamp,iter_idx,iterations_total,bbox_ref_mode,calib_exit_code,Rt_multiline,valid_tracks,rmse_abs_mean,rmse_abs_median,rmse_db_mean,rmse_db_median,ru_abs_mean,rv_abs_mean,angle_diff_mean_deg,global_bias_u,global_bias_v,distance_bins_text,lane_rmse_text,distance_bias_v_text
2026-03-03T17:08:07,2,10,bottom,-1,"{
    ""R"": [[1, 0.0, 0.0],
          [0.0, 0.0, -1.0],
          [0.0, 1.0, 0.0]],
    ""t"": [0.08, 0.0, -0.08]
}",,,,,,,,,,,,,
2026-03-03T17:09:35,1,1000,bottom,0,"{
    ""R"": [[0.9990668171824694, -0.028846158290610973, 0.0321464454763174],
          [0.02737639531966199, -0.15274739632382003, -0.9878860085534129],
          [0.03340700202338445, 0.9878441841040351, -0.15181515124533101]],
    ""t"": [0.0382261797785759, 0.6491603851318359, -1.3772391080856323]
}",28.0,33.76,30.04,18.37,16.06,0.18,0.116,8.02,-21.23,6.55,"30-40m: RMSE 59.91, Bias(-38.6,-30.53), N=23
40-50m: RMSE 31.02, Bias(-16.71,6.5), N=219
50-60m: RMSE 34.4, Bias(-20.31,9.01), N=195
60-70m: RMSE 33.49, Bias(-22.33,9.83), N=152
70-80m: RMSE 32.99, Bias(-20.56,7.04), N=109
80-90m: RMSE 30.71, Bias(-26.71,8.7), N=65
90-100m: RMSE 34.07, Bias(-25.82,1.39), N=59
100-110m: RMSE 42.98, Bias(-31.08,5.77), N=5","IN1: RMSE 27.32, Bias(-13.73,14.46), N=138
IN2: RMSE 28.04, Bias(-17.53,12.01), N=138
IN3: RMSE 28.4, Bias(-15.46,8.5), N=138
OUT1: RMSE 35.1, Bias(-27.28,7.42), N=137
OUT2: RMSE 41.13, Bias(-32.07,1.59), N=138
OUT3: RMSE 40.58, Bias(-21.36,-4.68), N=138","30-40m: -30.53
40-50m: 6.5
50-60m: 9.01
60-70m: 9.83
70-80m: 7.04
80-90m: 8.7
90-100m: 1.39
100-110m: 5.77"
2026-03-03T17:10:59,2,1000,bottom,0,"{
    ""R"": [[0.9957911616392842, -0.02664530251658006, -0.08769258950951728],
          [-0.09087437008348843, -0.1627270126039852, -0.9824773627065974],
          [0.011908453426617489, 0.9863112831265707, -0.1644634959928911]],
    ""t"": [0.24984315037727356, 0.46316424012184143, -1.9101941585540771]
}",27.0,35.34,34.55,22.95,22.3,0.172,0.187,9.43,1.37,-9.98,"40-50m: RMSE 47.22, Bias(18.13,-22.43), N=159
50-60m: RMSE 39.82, Bias(10.33,-13.77), N=255
60-70m: RMSE 26.96, Bias(5.66,-0.75), N=220
70-80m: RMSE 30.3, Bias(-5.65,-9.27), N=170
80-90m: RMSE 32.39, Bias(-10.96,-7.31), N=169
90-100m: RMSE 30.22, Bias(-15.19,-7.99), N=122
100-110m: RMSE 28.49, Bias(-14.74,-7.24), N=37","IN1: RMSE 27.9, Bias(16.35,7.26), N=189
IN2: RMSE 21.33, Bias(-1.71,6.54), N=189
IN3: RMSE 25.26, Bias(-10.22,2.94), N=190
OUT1: RMSE 34.06, Bias(4.56,-18.1), N=191
OUT2: RMSE 41.3, Bias(-8.24,-21.24), N=185
OUT3: RMSE 51.68, Bias(7.33,-37.63), N=188","40-50m: -22.43
50-60m: -13.77
60-70m: -0.75
70-80m: -9.27
80-90m: -7.31
90-100m: -7.99
100-110m: -7.24"
2026-03-03T17:12:24,3,1000,bottom,0,"{
    ""R"": [[0.9991334003122082, -0.02634157812127673, 0.03222684661343859],
          [0.027802866420248474, -0.15382220110307773, -0.9877073104248155],
          [0.030974973759201767, 0.9877473622895104, -0.1529565274538217]],
    ""t"": [0.12595228850841522, 0.5088896751403809, -1.5259267091751099]
}",30.0,24.91,23.25,18.41,17.14,0.127,0.116,11.39,-8.63,4.53,"30-40m: RMSE 42.06, Bias(-22.84,-23.58), N=11
40-50m: RMSE 26.99, Bias(-3.19,-4.06), N=254
50-60m: RMSE 26.82, Bias(-8.36,9.83), N=263
60-70m: RMSE 22.53, Bias(-3.86,8.94), N=215
70-80m: RMSE 22.03, Bias(-7.5,7.88), N=142
80-90m: RMSE 22.31, Bias(-15.45,3.4), N=117
90-100m: RMSE 26.56, Bias(-18.78,2.16), N=110
100-110m: RMSE 32.0, Bias(-26.74,6.59), N=31","IN1: RMSE 22.35, Bias(-2.29,7.33), N=192
IN2: RMSE 18.9, Bias(-3.0,10.1), N=191
IN3: RMSE 23.8, Bias(-6.43,9.08), N=190
OUT1: RMSE 27.11, Bias(-18.6,4.62), N=189
OUT2: RMSE 28.63, Bias(-10.02,-2.04), N=190
OUT3: RMSE 30.07, Bias(-11.54,-1.96), N=191","30-40m: -23.58
40-50m: -4.06
50-60m: 9.83
60-70m: 8.94
70-80m: 7.88
80-90m: 3.4
90-100m: 2.16
100-110m: 6.59"
2026-03-03T17:13:48,4,1000,bottom,0,"{
    ""R"": [[0.9971975940103547, -0.025915217517581877, -0.0701809090919763],
          [-0.07350099647238706, -0.16447048146799279, -0.983639702453725],
          [0.013948548939799209, 0.9860415114115136, -0.16591436271694807]],
    ""t"": [0.31910407543182373, 0.8585323095321655, -1.6462805271148682]
}",28.0,33.78,30.28,20.97,20.98,0.151,0.199,13.08,3.56,-9.31,"30-40m: RMSE 71.69, Bias(16.19,-66.45), N=8
40-50m: RMSE 45.48, Bias(20.48,-13.02), N=158
50-60m: RMSE 40.04, Bias(11.52,-13.91), N=235
60-70m: RMSE 33.79, Bias(7.76,-4.99), N=188
70-80m: RMSE 31.64, Bias(-1.34,-7.81), N=188
80-90m: RMSE 28.2, Bias(-7.29,-6.35), N=160
90-100m: RMSE 28.16, Bias(-12.39,-6.65), N=127
100-110m: RMSE 30.25, Bias(-15.7,-3.58), N=39","IN1: RMSE 32.78, Bias(20.93,16.54), N=185
IN2: RMSE 21.05, Bias(-9.5,7.16), N=183
IN3: RMSE 24.44, Bias(7.1,2.97), N=187
OUT1: RMSE 30.55, Bias(-15.68,-9.04), N=180
OUT2: RMSE 46.95, Bias(9.0,-35.01), N=184
OUT3: RMSE 49.23, Bias(8.88,-38.7), N=184","30-40m: -66.45
40-50m: -13.02
50-60m: -13.91
60-70m: -4.99
70-80m: -7.81
80-90m: -6.35
90-100m: -6.65
100-110m: -3.58"
2026-03-03T17:15:13,5,1000,bottom,0,"{
    ""R"": [[0.9946892399843938, -0.023499044829624588, 0.10020534292822986],
          [0.09550545459253684, -0.15219094904690741, -0.9837258882286638],
          [0.038366964987365464, 0.9880717129441047, -0.14913841248102822]],
    ""t"": [0.34391841292381287, 0.5331546664237976, -1.8860970735549927]
}",26.0,28.54,27.12,20.27,19.95,0.15,0.111,9.62,16.54,0.84,"30-40m: RMSE 33.36, Bias(4.74,-5.3), N=13
40-50m: RMSE 32.89, Bias(19.48,-5.54), N=223
50-60m: RMSE 31.68, Bias(17.49,3.71), N=248
60-70m: RMSE 31.06, Bias(20.73,4.08), N=245
70-80m: RMSE 28.66, Bias(18.18,2.91), N=183
80-90m: RMSE 22.99, Bias(9.37,-0.58), N=137
90-100m: RMSE 23.48, Bias(10.79,-0.82), N=137
100-110m: RMSE 26.31, Bias(9.72,1.82), N=44","IN1: RMSE 27.33, Bias(12.72,-5.98), N=206
IN2: RMSE 30.89, Bias(25.67,6.3), N=204
IN3: RMSE 22.44, Bias(9.56,4.52), N=205
OUT1: RMSE 31.95, Bias(20.9,-0.35), N=207
OUT2: RMSE 23.35, Bias(8.45,3.69), N=203
OUT3: RMSE 37.98, Bias(21.86,-3.05), N=205","30-40m: -5.3
40-50m: -5.54
50-60m: 3.71
60-70m: 4.08
70-80m: 2.91
80-90m: -0.58
90-100m: -0.82
100-110m: 1.82"
2026-03-03T17:16:38,6,1000,bottom,0,"{
    ""R"": [[0.9990282787391903, -0.024132010507709443, -0.03688013487320118],
          [-0.04025485123138527, -0.15889316207621973, -0.986474789337142],
          [0.017945618734074405, 0.9870008151538044, -0.1597101927053352]],
    ""t"": [0.06854619085788727, 0.2556713819503784, -1.5662620067596436]
}",27.0,31.86,23.37,22.05,21.51,0.141,0.182,11.87,-3.23,-11.41,"40-50m: RMSE 41.45, Bias(6.62,-24.57), N=175
50-60m: RMSE 34.29, Bias(-0.75,-11.87), N=287
60-70m: RMSE 28.58, Bias(0.65,-6.46), N=248
70-80m: RMSE 30.0, Bias(-3.87,-9.85), N=197
80-90m: RMSE 30.47, Bias(-12.45,-8.47), N=181
90-100m: RMSE 28.41, Bias(-12.26,-9.8), N=130
100-110m: RMSE 28.99, Bias(-11.48,-6.13), N=50","IN1: RMSE 21.62, Bias(5.9,1.25), N=213
IN2: RMSE 18.44, Bias(-2.3,5.06), N=211
IN3: RMSE 21.43, Bias(-3.76,4.88), N=212
OUT1: RMSE 29.25, Bias(-8.55,-15.68), N=211
OUT2: RMSE 43.43, Bias(-11.21,-27.89), N=211
OUT3: RMSE 48.32, Bias(0.45,-36.16), N=212","40-50m: -24.57
50-60m: -11.87
60-70m: -6.46
70-80m: -9.85
80-90m: -8.47
90-100m: -9.8
100-110m: -6.13"
2026-03-03T17:18:03,7,1000,bottom,0,"{
    ""R"": [[0.9989778946533675, -0.02525285226038921, -0.037489457806697976],
          [-0.041021054933911894, -0.1581338850735658, -0.9865652271612095],
          [0.018985232314464234, 0.9870947106758577, -0.1590081542239595]],
    ""t"": [0.08, 0.0, -0.08]
}",27.0,32.0,25.56,22.1,22.09,0.158,0.169,11.83,-1.87,-9.87,"40-50m: RMSE 43.67, Bias(11.7,-25.51), N=173
50-60m: RMSE 34.21, Bias(2.27,-10.08), N=292
60-70m: RMSE 28.65, Bias(3.25,-3.34), N=256
70-80m: RMSE 28.51, Bias(-6.39,-7.51), N=184
80-90m: RMSE 28.84, Bias(-12.91,-7.95), N=172
90-100m: RMSE 29.89, Bias(-13.89,-7.97), N=135
100-110m: RMSE 30.34, Bias(-13.56,-5.25), N=50","IN1: RMSE 25.81, Bias(14.82,1.19), N=212
IN2: RMSE 19.92, Bias(0.13,6.1), N=211
IN3: RMSE 22.91, Bias(0.05,3.26), N=214
OUT1: RMSE 27.82, Bias(-4.16,-13.01), N=208
OUT2: RMSE 42.86, Bias(-14.93,-24.58), N=211
OUT3: RMSE 47.35, Bias(-7.29,-32.44), N=211","40-50m: -25.51
50-60m: -10.08
60-70m: -3.34
70-80m: -7.51
80-90m: -7.95
90-100m: -7.97
100-110m: -5.25"
2026-03-03T17:19:28,8,1000,bottom,0,"{
    ""R"": [[0.9983987428938181, -0.02614236635835185, 0.050164996454008105],
          [0.04556637245144136, -0.15383812000679795, -0.9870448513286469],
          [0.03352097686019063, 0.9877501756587849, -0.15240057282168876]],
    ""t"": [0.19430914521217346, 0.597399115562439, -1.4498510360717773]
}",26.0,23.82,21.84,18.05,17.48,0.107,0.108,10.26,-2.05,6.78,"30-40m: RMSE 39.96, Bias(-14.45,-27.04), N=13
40-50m: RMSE 23.8, Bias(1.86,2.26), N=231
50-60m: RMSE 24.49, Bias(0.0,13.46), N=187
60-70m: RMSE 23.14, Bias(1.39,12.76), N=153
70-80m: RMSE 19.08, Bias(2.1,9.34), N=104
80-90m: RMSE 15.62, Bias(-7.41,3.59), N=84
90-100m: RMSE 24.37, Bias(-14.55,-0.22), N=91
100-110m: RMSE 32.9, Bias(-24.77,4.91), N=22","IN1: RMSE 21.08, Bias(1.19,5.87), N=148
IN2: RMSE 22.41, Bias(7.71,13.88), N=147
IN3: RMSE 21.12, Bias(-10.81,7.78), N=148
OUT1: RMSE 21.46, Bias(3.61,9.64), N=149
OUT2: RMSE 25.17, Bias(-13.1,5.21), N=145
OUT3: RMSE 27.98, Bias(-1.13,-1.69), N=148","30-40m: -27.04
40-50m: 2.26
50-60m: 13.46
60-70m: 12.76
70-80m: 9.34
80-90m: 3.59
90-100m: -0.22
100-110m: 4.91"
2026-03-03T17:20:51,9,1000,bottom,0,"{
    ""R"": [[0.9983323645135102, -0.027469663423635576, 0.0507730987458475],
          [0.04588702582505248, -0.1560442226270091, -0.9866836278390675],
          [0.03502671588651135, 0.9873680257007135, -0.15452349658896872]],
    ""t"": [0.3160642981529236, 0.4661867618560791, -1.8313512802124023]
}",30.0,25.8,23.44,20.07,19.25,0.112,0.119,7.73,-2.31,-2.83,"30-40m: RMSE 35.68, Bias(-10.76,-18.34), N=7
40-50m: RMSE 33.82, Bias(3.74,-18.86), N=227
50-60m: RMSE 24.52, Bias(-1.01,1.03), N=323
60-70m: RMSE 19.99, Bias(2.16,2.75), N=299
70-80m: RMSE 20.76, Bias(-3.99,1.43), N=222
80-90m: RMSE 20.9, Bias(-9.87,-1.23), N=159
90-100m: RMSE 20.9, Bias(-9.48,-5.69), N=147
100-110m: RMSE 25.09, Bias(-11.1,-1.76), N=50","IN1: RMSE 23.73, Bias(0.56,-6.31), N=239
IN2: RMSE 18.49, Bias(3.52,2.22), N=240
IN3: RMSE 19.98, Bias(-7.96,2.5), N=238
OUT1: RMSE 24.79, Bias(-6.45,-5.44), N=243
OUT2: RMSE 27.07, Bias(-5.71,-5.68), N=235
OUT3: RMSE 29.62, Bias(2.15,-4.28), N=239","30-40m: -18.34
40-50m: -18.86
50-60m: 1.03
60-70m: 2.75
70-80m: 1.43
80-90m: -1.23
90-100m: -5.69
100-110m: -1.76"
2026-03-03T17:22:15,10,1000,bottom,0,"{
    ""R"": [[0.9929479741333768, -0.022473757560423687, 0.11640124950162446],
          [0.11188669547128059, -0.1469109308554138, -0.9828013765617717],
          [0.03918785578391678, 0.988894386987969, -0.1433603967026736]],
    ""t"": [0.08, 0.0, -0.08]
}",25.0,27.98,25.94,20.45,20.54,0.131,0.115,11.7,12.49,0.05,"30-40m: RMSE 50.18, Bias(-31.66,-20.84), N=22
40-50m: RMSE 31.11, Bias(5.61,-13.56), N=189
50-60m: RMSE 25.71, Bias(11.72,2.35), N=234
60-70m: RMSE 28.6, Bias(18.04,6.09), N=209
70-80m: RMSE 30.49, Bias(21.81,4.77), N=133
80-90m: RMSE 22.76, Bias(15.87,3.06), N=112
90-100m: RMSE 23.14, Bias(10.8,1.32), N=99
100-110m: RMSE 24.99, Bias(4.54,6.91), N=20","IN1: RMSE 31.41, Bias(13.14,-14.63), N=170
IN2: RMSE 31.41, Bias(25.29,4.52), N=170
IN3: RMSE 24.48, Bias(18.14,6.45), N=170
OUT1: RMSE 26.41, Bias(11.41,3.69), N=170
OUT2: RMSE 26.06, Bias(12.73,-0.76), N=173
OUT3: RMSE 28.89, Bias(-6.32,1.04), N=165","30-40m: -20.84
40-50m: -13.56
50-60m: 2.35
60-70m: 6.09
70-80m: 4.77
80-90m: 3.06
90-100m: 1.32
100-110m: 6.91"
2026-03-03T17:23:39,11,1000,bottom,0,"{
    ""R"": [[0.9986550865700861, -0.022263611728298317, 0.04682253368308532],
          [0.042861088255774595, -0.15360730959992513, -0.9872019659375699],
          [0.02917096469475753, 0.9878811295040937, -0.15244647843913228]],
    ""t"": [0.3440465033054352, 0.6327201724052429, -1.8735547065734863]
}",28.0,33.4,32.6,20.34,19.8,0.162,0.116,10.54,22.7,3.46,"30-40m: RMSE 46.95, Bias(9.33,-29.05), N=26
40-50m: RMSE 39.85, Bias(31.61,-1.41), N=235
50-60m: RMSE 36.66, Bias(26.13,8.73), N=226
60-70m: RMSE 34.5, Bias(25.21,9.55), N=175
70-80m: RMSE 31.28, Bias(22.49,4.36), N=127
80-90m: RMSE 21.13, Bias(15.65,2.91), N=105
90-100m: RMSE 22.74, Bias(8.44,0.15), N=112
100-110m: RMSE 22.88, Bias(1.46,5.02), N=28","IN1: RMSE 34.15, Bias(24.81,7.4), N=173
IN2: RMSE 36.46, Bias(31.22,10.99), N=172
IN3: RMSE 24.72, Bias(13.32,7.56), N=172
OUT1: RMSE 35.96, Bias(26.98,0.17), N=175
OUT2: RMSE 28.56, Bias(14.35,3.54), N=169
OUT3: RMSE 40.72, Bias(25.29,-8.81), N=173","30-40m: -29.05
40-50m: -1.41
50-60m: 8.73
60-70m: 9.55
70-80m: 4.36
80-90m: 2.91
90-100m: 0.15
100-110m: 5.02"
2026-03-03T17:25:04,12,1000,bottom,0,"{
    ""R"": [[0.9978351053219582, -0.025370702846065102, -0.06067478903311772],
          [-0.06395562999951196, -0.1593939412315853, -0.9851412329661303],
          [0.015322531725606195, 0.9868890003114629, -0.16067146942055138]],
    ""t"": [0.07912654429674149, 0.1921394169330597, -1.7404489517211914]
}",26.0,34.17,26.04,22.85,22.47,0.148,0.182,13.76,-5.39,-11.7,"40-50m: RMSE 46.76, Bias(5.41,-30.8), N=165
50-60m: RMSE 34.79, Bias(-0.34,-12.88), N=280
60-70m: RMSE 26.55, Bias(-1.51,-5.14), N=252
70-80m: RMSE 31.02, Bias(-11.22,-9.7), N=181
80-90m: RMSE 32.33, Bias(-16.31,-6.48), N=163
90-100m: RMSE 29.63, Bias(-15.13,-7.31), N=108
100-110m: RMSE 26.94, Bias(-13.27,-6.38), N=35","IN1: RMSE 22.5, Bias(4.59,-0.69), N=198
IN2: RMSE 19.31, Bias(-2.21,3.86), N=199
IN3: RMSE 24.67, Bias(-16.81,0.64), N=199
OUT1: RMSE 31.78, Bias(0.76,-15.14), N=197
OUT2: RMSE 38.5, Bias(-19.19,-21.99), N=194
OUT3: RMSE 53.35, Bias(0.34,-37.25), N=198","40-50m: -30.8
50-60m: -12.88
60-70m: -5.14
70-80m: -9.7
80-90m: -6.48
90-100m: -7.31
100-110m: -6.38"
2026-03-03T17:30:14,13,1000,bottom,-1,"{
    ""R"": [[0.9857156797877268, -0.03429636637428439, -0.1648889258687238],
          [-0.16831968809946088, -0.16717719909723588, -0.9714526579819026],
          [0.005751627484534545, 0.9853301697175036, -0.17056194014420456]],
    ""t"": [0.2161092758178711, 0.6242166757583618, -1.8130097389221191]
}",,,,,,,,,,,,,
2026-03-03T17:31:38,14,1000,bottom,0,"{
    ""R"": [[0.9971642394010998, -0.026164830922695892, -0.07056118821570678],
          [-0.07391539139128103, -0.16432071793208955, -0.9836336800728999],
          [0.01414194382322997, 0.9860598882831967, -0.16578872743293202]],
    ""t"": [0.08, 0.0, -0.08]
}",26.0,36.52,31.62,22.95,22.42,0.171,0.206,9.25,-1.94,-17.38,"40-50m: RMSE 52.29, Bias(11.77,-32.17), N=107
50-60m: RMSE 40.56, Bias(4.15,-22.59), N=266
60-70m: RMSE 26.36, Bias(3.39,-10.45), N=241
70-80m: RMSE 31.7, Bias(-7.27,-15.54), N=183
80-90m: RMSE 33.89, Bias(-11.56,-13.29), N=187
90-100m: RMSE 30.57, Bias(-11.04,-15.82), N=146
100-110m: RMSE 29.57, Bias(-11.35,-17.84), N=38","IN1: RMSE 27.96, Bias(13.4,-9.07), N=196
IN2: RMSE 20.3, Bias(4.26,-4.33), N=195
IN3: RMSE 25.95, Bias(-16.53,-8.76), N=203
OUT1: RMSE 36.38, Bias(4.59,-24.85), N=189
OUT2: RMSE 40.8, Bias(-17.26,-25.8), N=192
OUT3: RMSE 52.31, Bias(0.36,-32.13), N=196","40-50m: -32.17
50-60m: -22.59
60-70m: -10.45
70-80m: -15.54
80-90m: -13.29
90-100m: -15.82
100-110m: -17.84"
2026-03-03T17:33:01,15,1000,bottom,0,"{
    ""R"": [[0.9963792133068419, -0.03414109059769509, -0.07786430005360824],
          [-0.08250512686856122, -0.16715547674699022, -0.9824723663461936],
          [0.020527233872125825, 0.9853392474301866, -0.1693670574322899]],
    ""t"": [0.08, 0.0, -0.08]
}",26.0,47.33,45.1,23.43,22.61,0.258,0.239,10.96,-19.12,-21.33,"30-40m: RMSE 65.03, Bias(38.77,-7.95), N=15
40-50m: RMSE 51.08, Bias(-1.69,-33.77), N=126
50-60m: RMSE 45.97, Bias(-13.5,-22.2), N=253
60-70m: RMSE 41.36, Bias(-26.34,-19.3), N=232
70-80m: RMSE 46.42, Bias(-27.05,-20.37), N=172
80-90m: RMSE 47.45, Bias(-25.01,-18.03), N=162
90-100m: RMSE 44.08, Bias(-27.85,-17.84), N=98
100-110m: RMSE 36.44, Bias(-4.71,-19.27), N=26","IN1: RMSE 37.65, Bias(-16.48,-21.03), N=181
IN2: RMSE 31.93, Bias(-19.01,-14.39), N=183
IN3: RMSE 48.45, Bias(-38.45,-16.1), N=180
OUT1: RMSE 47.8, Bias(-21.75,-25.89), N=179
OUT2: RMSE 56.69, Bias(-23.62,-28.39), N=182
OUT3: RMSE 48.62, Bias(4.61,-22.22), N=180","30-40m: -7.95
40-50m: -33.77
50-60m: -22.2
60-70m: -19.3
70-80m: -20.37
80-90m: -18.03
90-100m: -17.84
100-110m: -19.27"
2026-03-03T17:34:26,16,1000,bottom,0,"{
    ""R"": [[0.9960299801411149, -0.03209496833181283, -0.08303126921750781],
          [-0.08727281228033094, -0.16825915657928397, -0.9818718411604996],
          [0.017542374319699565, 0.98522016282403, -0.1703921825325906]],
    ""t"": [-0.338776171207428, 0.24303331971168518, -0.6185566186904907]
}",23.0,54.14,51.78,23.7,21.25,0.318,0.209,8.65,-33.34,-19.1,"30-40m: RMSE 48.09, Bias(39.06,4.11), N=10
40-50m: RMSE 63.74, Bias(-26.58,-35.47), N=161
50-60m: RMSE 58.71, Bias(-37.85,-19.17), N=251
60-70m: RMSE 54.69, Bias(-44.31,-14.94), N=221
70-80m: RMSE 53.87, Bias(-36.97,-16.53), N=150
80-90m: RMSE 47.85, Bias(-26.66,-14.44), N=136
90-100m: RMSE 43.92, Bias(-24.12,-13.78), N=72
100-110m: RMSE 36.28, Bias(4.27,-13.91), N=19","IN1: RMSE 50.56, Bias(-41.78,-14.19), N=170
IN2: RMSE 44.26, Bias(-38.68,-7.42), N=170
IN3: RMSE 53.49, Bias(-45.0,-11.19), N=170
OUT1: RMSE 58.54, Bias(-36.65,-24.13), N=170
OUT2: RMSE 71.13, Bias(-45.53,-39.33), N=171
OUT3: RMSE 49.37, Bias(7.92,-18.19), N=169","30-40m: 4.11
40-50m: -35.47
50-60m: -19.17
60-70m: -14.94
70-80m: -16.53
80-90m: -14.44
90-100m: -13.78
100-110m: -13.91"
2026-03-03T17:35:50,17,1000,bottom,0,"{
    ""R"": [[0.9995362595826127, -0.028237208020381047, 0.011398502656697031],
          [0.006875289758903745, -0.1553864523094658, -0.9878298339437871],
          [0.029664729399273174, 0.9874501053328676, -0.15512025434409304]],
    ""t"": [0.15777117013931274, 0.6146313548088074, -1.401584267616272]
}",29.0,28.64,26.67,19.79,18.41,0.14,0.126,9.19,-10.7,1.25,"30-40m: RMSE 41.57, Bias(-13.22,-24.15), N=13
40-50m: RMSE 31.15, Bias(-3.04,-5.35), N=266
50-60m: RMSE 32.47, Bias(-9.34,4.35), N=273
60-70m: RMSE 30.46, Bias(-8.97,4.6), N=231
70-80m: RMSE 29.27, Bias(-12.2,4.43), N=176
80-90m: RMSE 29.22, Bias(-18.82,1.57), N=119
90-100m: RMSE 33.43, Bias(-24.19,-1.41), N=87
100-110m: RMSE 34.93, Bias(-29.43,6.41), N=20","IN1: RMSE 22.63, Bias(-1.96,11.75), N=199
IN2: RMSE 25.46, Bias(-13.75,10.84), N=196
IN3: RMSE 23.17, Bias(-9.09,7.25), N=212
OUT1: RMSE 33.94, Bias(-24.31,3.37), N=183
OUT2: RMSE 32.16, Bias(-11.13,-2.69), N=197
OUT3: RMSE 44.92, Bias(-5.2,-23.23), N=198","30-40m: -24.15
40-50m: -5.35
50-60m: 4.35
60-70m: 4.6
70-80m: 4.43
80-90m: 1.57
90-100m: -1.41
100-110m: 6.41"
2026-03-03T17:37:14,18,1000,bottom,0,"{
    ""R"": [[0.9996105593604651, -0.027803908591993953, 0.002381655320543634],
          [-0.0020335673015062696, -0.15769814811346256, -0.987485270110706],
          [0.027831532819592834, 0.9870958599591999, -0.15769327516517465]],
    ""t"": [0.06883938610553741, 0.5602710843086243, -1.2299473285675049]
}",31.0,31.33,29.5,20.06,18.57,0.163,0.131,9.19,-15.79,-2.86,"30-40m: RMSE 57.66, Bias(-33.61,-35.45), N=10
40-50m: RMSE 35.9, Bias(-8.87,-13.57), N=261
50-60m: RMSE 34.34, Bias(-14.07,0.26), N=319
60-70m: RMSE 32.1, Bias(-11.82,0.09), N=267
70-80m: RMSE 31.0, Bias(-17.33,-0.52), N=213
80-90m: RMSE 31.77, Bias(-23.43,0.19), N=164
90-100m: RMSE 33.55, Bias(-25.12,-2.06), N=129
100-110m: RMSE 31.2, Bias(-25.98,2.29), N=45","IN1: RMSE 22.45, Bias(-5.29,8.22), N=235
IN2: RMSE 24.46, Bias(-15.02,8.58), N=235
IN3: RMSE 28.02, Bias(-12.31,1.85), N=235
OUT1: RMSE 34.78, Bias(-23.66,-2.52), N=234
OUT2: RMSE 36.45, Bias(-19.14,-10.48), N=234
OUT3: RMSE 48.05, Bias(-19.38,-22.85), N=235","30-40m: -35.45
40-50m: -13.57
50-60m: 0.26
60-70m: 0.09
70-80m: -0.52
80-90m: 0.19
90-100m: -2.06
100-110m: 2.29"
2026-03-03T17:38:37,19,1000,bottom,0,"{
    ""R"": [[0.9994357789266706, -0.026100927619764427, 0.02113919058593953],
          [0.01684344999249339, -0.15503692925785123, -0.9877650777176962],
          [0.029058939994280417, 0.9875638167448649, -0.15450982448609818]],
    ""t"": [0.16991859674453735, 0.5755779147148132, -1.156175136566162]
}",29.0,26.01,24.24,19.55,18.77,0.119,0.118,10.16,-2.67,2.4,"30-40m: RMSE 36.68, Bias(-8.35,-22.88), N=11
40-50m: RMSE 29.47, Bias(5.29,-3.55), N=257
50-60m: RMSE 30.71, Bias(-1.31,6.5), N=258
60-70m: RMSE 28.6, Bias(0.28,5.07), N=225
70-80m: RMSE 26.92, Bias(-6.32,3.92), N=162
80-90m: RMSE 21.93, Bias(-9.06,2.75), N=118
90-100m: RMSE 26.72, Bias(-14.09,0.3), N=101
100-110m: RMSE 32.71, Bias(-23.28,5.4), N=24","IN1: RMSE 24.01, Bias(7.18,11.16), N=195
IN2: RMSE 20.72, Bias(0.43,11.38), N=191
IN3: RMSE 22.51, Bias(0.58,8.0), N=192
OUT1: RMSE 26.4, Bias(-16.26,4.32), N=193
OUT2: RMSE 26.95, Bias(-3.4,0.15), N=192
OUT3: RMSE 43.89, Bias(-4.59,-20.59), N=193","30-40m: -22.88
40-50m: -3.55
50-60m: 6.5
60-70m: 5.07
70-80m: 3.92
80-90m: 2.75
90-100m: 0.3
100-110m: 5.4"
2026-03-03T17:40:02,20,1000,bottom,0,"{
    ""R"": [[0.997044154780623, -0.02700959520849181, 0.07192659580757833],
          [0.06687987636924178, -0.155668447129804, -0.9855427016142075],
          [0.03781581090798219, 0.9874400317664201, -0.15340191690622018]],
    ""t"": [0.1567627340555191, 0.4628722667694092, -2.0063114166259766]
}",29.0,28.27,26.46,21.07,19.57,0.136,0.127,9.85,-9.72,-4.95,"30-40m: RMSE 54.01, Bias(-2.07,-23.66), N=10
40-50m: RMSE 36.2, Bias(-7.54,-17.9), N=216
50-60m: RMSE 26.35, Bias(-10.48,0.1), N=316
60-70m: RMSE 21.0, Bias(-6.04,0.28), N=299
70-80m: RMSE 23.13, Bias(-9.3,-2.07), N=196
80-90m: RMSE 25.39, Bias(-14.73,-5.8), N=156
90-100m: RMSE 24.9, Bias(-13.38,-9.6), N=128
100-110m: RMSE 27.33, Bias(-14.59,-5.16), N=49","IN1: RMSE 28.71, Bias(-9.31,-12.07), N=230
IN2: RMSE 18.43, Bias(-3.23,-1.2), N=228
IN3: RMSE 24.13, Bias(-14.04,-2.89), N=228
OUT1: RMSE 24.76, Bias(-8.04,-6.29), N=227
OUT2: RMSE 28.84, Bias(-16.81,-5.54), N=228
OUT3: RMSE 33.46, Bias(-6.89,-1.67), N=229","30-40m: -23.66
40-50m: -17.9
50-60m: 0.1
60-70m: 0.28
70-80m: -2.07
80-90m: -5.8
90-100m: -9.6
100-110m: -5.16"
2026-03-03T17:41:26,21,1000,bottom,0,"{
    ""R"": [[0.9995934190559286, -0.02818143061302546, -0.004336305879755815],
          [-0.008734618577091607, -0.15788106393444368, -0.9874195035997827],
          [0.027142273640804293, 0.987055913623707, -0.15806302654978002]],
    ""t"": [0.04767993092536926, 0.5809059143066406, -1.4889081716537476]
}",33.0,33.73,32.52,20.05,19.14,0.185,0.137,11.87,-18.97,-2.08,"30-40m: RMSE 55.31, Bias(-27.9,-30.61), N=9
40-50m: RMSE 36.97, Bias(-11.9,-14.81), N=255
50-60m: RMSE 33.89, Bias(-16.87,0.13), N=312
60-70m: RMSE 29.67, Bias(-15.47,3.37), N=266
70-80m: RMSE 31.71, Bias(-22.1,-0.5), N=212
80-90m: RMSE 32.38, Bias(-27.92,2.22), N=168
90-100m: RMSE 34.39, Bias(-23.67,-0.61), N=154
100-110m: RMSE 33.15, Bias(-28.17,-0.46), N=45","IN1: RMSE 24.03, Bias(-9.25,8.18), N=237
IN2: RMSE 27.29, Bias(-19.07,9.08), N=238
IN3: RMSE 28.5, Bias(-15.84,1.7), N=239
OUT1: RMSE 36.11, Bias(-25.52,-2.39), N=233
OUT2: RMSE 39.2, Bias(-23.2,-11.14), N=237
OUT3: RMSE 41.75, Bias(-21.07,-18.01), N=237","30-40m: -30.61
40-50m: -14.81
50-60m: 0.13
60-70m: 3.37
70-80m: -0.5
80-90m: 2.22
90-100m: -0.61
100-110m: -0.46"
2026-03-03T17:42:49,22,1000,bottom,0,"{
    ""R"": [[0.998034773048723, -0.02625923806692599, 0.05689502791746666],
          [0.05221462985604862, -0.1534826870958573, -0.9867708433019449],
          [0.03464425225893376, 0.9878023674693128, -0.15180994238665577]],
    ""t"": [0.08, 0.0, -0.08]
}",31.0,28.7,24.41,21.29,19.58,0.133,0.127,11.12,-7.48,-5.91,"30-40m: RMSE 49.99, Bias(-15.73,-22.09), N=12
40-50m: RMSE 42.52, Bias(-10.06,-26.32), N=203
50-60m: RMSE 30.53, Bias(-8.26,-4.28), N=356
60-70m: RMSE 25.08, Bias(-1.57,-0.52), N=334
70-80m: RMSE 25.74, Bias(-6.7,-1.38), N=226
80-90m: RMSE 24.51, Bias(-11.17,-3.43), N=165
90-100m: RMSE 22.72, Bias(-10.51,-4.24), N=141
100-110m: RMSE 26.1, Bias(-12.77,0.02), N=44","IN1: RMSE 24.07, Bias(4.23,-8.91), N=247
IN2: RMSE 17.76, Bias(4.21,2.51), N=248
IN3: RMSE 20.36, Bias(-5.44,2.19), N=246
OUT1: RMSE 26.25, Bias(-9.88,-5.63), N=247
OUT2: RMSE 36.75, Bias(-19.15,-9.97), N=247
OUT3: RMSE 43.35, Bias(-18.9,-15.65), N=247","30-40m: -22.09
40-50m: -26.32
50-60m: -4.28
60-70m: -0.52
70-80m: -1.38
80-90m: -3.43
90-100m: -4.24
100-110m: 0.02"
2026-03-03T17:44:13,23,1000,bottom,0,"{
    ""R"": [[0.9996061995358912, -0.026989172627365443, 0.0076831250349078594],
          [0.0032964551506408776, -0.15896127949125363, -0.9872793145842482],
          [0.027867171238781272, 0.9869158506090547, -0.15880971186849582]],
    ""t"": [0.08, 0.0, -0.08]
}",27.0,34.74,30.17,22.17,20.39,0.162,0.186,11.14,-9.88,-15.99,"30-40m: RMSE 60.83, Bias(-8.23,-51.45), N=7
40-50m: RMSE 52.65, Bias(-4.57,-40.38), N=144
50-60m: RMSE 34.1, Bias(-8.59,-16.72), N=299
60-70m: RMSE 27.98, Bias(-5.46,-11.88), N=298
70-80m: RMSE 30.38, Bias(-12.11,-11.38), N=222
80-90m: RMSE 30.45, Bias(-14.72,-9.48), N=190
90-100m: RMSE 31.35, Bias(-14.95,-13.64), N=147
100-110m: RMSE 30.93, Bias(-15.99,-13.24), N=55","IN1: RMSE 25.46, Bias(2.41,-12.82), N=229
IN2: RMSE 20.07, Bias(-4.87,-3.92), N=226
IN3: RMSE 22.35, Bias(-9.23,-4.35), N=227
OUT1: RMSE 37.54, Bias(-19.89,-19.88), N=227
OUT2: RMSE 42.37, Bias(-8.44,-25.9), N=228
OUT3: RMSE 47.16, Bias(-19.42,-29.06), N=226","30-40m: -51.45
40-50m: -40.38
50-60m: -16.72
60-70m: -11.88
70-80m: -11.38
80-90m: -9.48
90-100m: -13.64
100-110m: -13.24"
2026-03-03T17:45:37,24,1000,bottom,0,"{
    ""R"": [[0.9973943438251028, -0.024638745157363404, -0.06780453629929942],
          [-0.07088374452043435, -0.15989896266642298, -0.9845850986588026],
          [0.013417066313256003, 0.9868258478451362, -0.16122880746403032]],
    ""t"": [0.02240862138569355, 0.16779910027980804, -1.9972409009933472]
}",27.0,36.14,29.42,23.18,21.46,0.15,0.196,9.63,-5.54,-14.59,"40-50m: RMSE 47.88, Bias(6.98,-31.05), N=160
50-60m: RMSE 40.53, Bias(-1.0,-20.38), N=292
60-70m: RMSE 28.25, Bias(-2.94,-8.25), N=261
70-80m: RMSE 30.17, Bias(-12.36,-11.35), N=189
80-90m: RMSE 33.22, Bias(-15.49,-7.56), N=172
90-100m: RMSE 30.65, Bias(-11.68,-9.23), N=137
100-110m: RMSE 30.04, Bias(-9.04,-11.29), N=40","IN1: RMSE 23.42, Bias(1.95,-4.47), N=209
IN2: RMSE 19.93, Bias(-4.5,2.17), N=209
IN3: RMSE 25.72, Bias(-17.33,-2.6), N=213
OUT1: RMSE 40.14, Bias(-0.13,-25.37), N=206
OUT2: RMSE 38.82, Bias(-17.99,-21.25), N=208
OUT3: RMSE 53.73, Bias(5.02,-36.44), N=209","40-50m: -31.05
50-60m: -20.38
60-70m: -8.25
70-80m: -11.35
80-90m: -7.56
90-100m: -9.23
100-110m: -11.29"
2026-03-03T17:47:01,25,1000,bottom,0,"{
    ""R"": [[0.9845245607815092, -0.031168957099891564, -0.1724525596541899],
          [-0.1752361794492698, -0.164336534625629, -0.9707140592364276],
          [0.0019158888277126156, 0.9859117605042271, -0.16725528353225555]],
    ""t"": [-0.21304568648338318, 0.5202159881591797, -1.231737732887268]
}",24.0,44.36,43.14,22.3,22.39,0.254,0.164,13.13,-23.99,-2.75,"30-40m: RMSE 64.05, Bias(32.65,-14.56), N=14
40-50m: RMSE 38.71, Bias(-10.53,-1.25), N=152
50-60m: RMSE 50.41, Bias(-19.06,-7.64), N=182
60-70m: RMSE 48.61, Bias(-35.34,1.19), N=144
70-80m: RMSE 49.9, Bias(-33.53,-0.32), N=117
80-90m: RMSE 47.35, Bias(-37.75,-4.2), N=75
90-100m: RMSE 44.47, Bias(-39.16,-0.11), N=44
100-110m: RMSE 35.19, Bias(21.6,-4.74), N=16","IN1: RMSE 29.07, Bias(-9.96,18.46), N=125
IN2: RMSE 49.21, Bias(-42.57,9.93), N=126
IN3: RMSE 40.58, Bias(-29.3,-3.98), N=125
OUT1: RMSE 53.86, Bias(-47.32,-9.77), N=126
OUT2: RMSE 55.53, Bias(-21.54,-12.04), N=119
OUT3: RMSE 49.73, Bias(7.46,-19.71), N=124","30-40m: -14.56
40-50m: -1.25
50-60m: -7.64
60-70m: 1.19
70-80m: -0.32
80-90m: -4.2
90-100m: -0.11
100-110m: -4.74"
2026-03-03T17:48:25,26,1000,bottom,0,"{
    ""R"": [[0.9996371901971259, -0.024023006657173614, -0.01218126126247142],
          [-0.01580600523846978, -0.15700012881058673, -0.9874720906192039],
          [0.02180958901943452, 0.9873063631439882, -0.1573228753938689]],
    ""t"": [0.2403738796710968, 0.44864219427108765, -1.4144530296325684]
}",29.0,27.57,24.62,19.47,18.04,0.132,0.136,10.52,6.95,-3.05,"30-40m: RMSE 54.2, Bias(-6.33,-46.5), N=7
40-50m: RMSE 37.86, Bias(19.5,-14.36), N=201
50-60m: RMSE 30.11, Bias(11.32,-1.62), N=297
60-70m: RMSE 28.09, Bias(12.81,2.59), N=257
70-80m: RMSE 22.03, Bias(4.77,-0.1), N=209
80-90m: RMSE 17.79, Bias(-2.07,-1.08), N=177
90-100m: RMSE 22.23, Bias(-7.71,-4.51), N=148
100-110m: RMSE 26.48, Bias(-10.22,-3.97), N=59","IN1: RMSE 29.42, Bias(20.49,8.36), N=226
IN2: RMSE 21.81, Bias(7.51,9.19), N=227
IN3: RMSE 26.28, Bias(11.29,3.59), N=225
OUT1: RMSE 23.9, Bias(-5.24,-4.39), N=225
OUT2: RMSE 31.74, Bias(6.7,-14.03), N=226
OUT3: RMSE 32.43, Bias(0.91,-21.07), N=226","30-40m: -46.5
40-50m: -14.36
50-60m: -1.62
60-70m: 2.59
70-80m: -0.1
80-90m: -1.08
90-100m: -4.51
100-110m: -3.97"
2026-03-03T17:49:50,27,1000,bottom,0,"{
    ""R"": [[0.995307505338668, -0.034352865890271436, -0.09045910911368202],
          [-0.09497064139209868, -0.1677397995985054, -0.9812461143384087],
          [0.01853502333662885, 0.9852325817977081, -0.17021519519165276]],
    ""t"": [0.08, 0.0, -0.08]
}",21.0,46.22,44.98,24.63,25.79,0.259,0.211,13.9,-17.66,-19.81,"30-40m: RMSE 64.25, Bias(49.32,-11.27), N=11
40-50m: RMSE 49.37, Bias(4.27,-32.4), N=112
50-60m: RMSE 44.61, Bias(-10.07,-19.18), N=229
60-70m: RMSE 41.83, Bias(-27.27,-18.38), N=208
70-80m: RMSE 46.28, Bias(-25.21,-19.75), N=150
80-90m: RMSE 47.49, Bias(-26.42,-17.24), N=135
90-100m: RMSE 44.01, Bias(-29.23,-16.02), N=85
100-110m: RMSE 35.5, Bias(-1.09,-13.62), N=22","IN1: RMSE 37.25, Bias(-15.02,-21.21), N=161
IN2: RMSE 30.83, Bias(-16.12,-14.23), N=157
IN3: RMSE 45.26, Bias(-38.77,-14.38), N=159
OUT1: RMSE 46.28, Bias(-23.09,-16.8), N=160
OUT2: RMSE 60.44, Bias(-29.7,-37.86), N=158
OUT3: RMSE 46.18, Bias(16.72,-14.39), N=159","30-40m: -11.27
40-50m: -32.4
50-60m: -19.18
60-70m: -18.38
70-80m: -19.75
80-90m: -17.24
90-100m: -16.02
100-110m: -13.62"
2026-03-03T17:51:13,28,1000,bottom,0,"{
    ""R"": [[0.9975681707284636, -0.020455782274404644, -0.06662811509422051],
          [-0.06906067336264993, -0.16116975525530558, -0.9845074572524285],
          [0.00940043319022549, 0.9867146856931271, -0.16219050802481977]],
    ""t"": [0.04463450238108635, 0.28425830602645874, -0.8881806135177612]
}",27.0,37.27,35.48,22.79,23.69,0.158,0.197,13.05,11.0,-11.13,"40-50m: RMSE 52.38, Bias(25.07,-27.41), N=157
50-60m: RMSE 42.4, Bias(17.47,-14.14), N=272
60-70m: RMSE 34.9, Bias(17.42,-3.37), N=229
70-80m: RMSE 28.78, Bias(7.27,-7.86), N=186
80-90m: RMSE 28.27, Bias(-2.37,-8.53), N=171
90-100m: RMSE 23.67, Bias(-1.7,-7.0), N=130
100-110m: RMSE 27.01, Bias(-4.29,-6.13), N=48","IN1: RMSE 38.99, Bias(31.16,5.66), N=200
IN2: RMSE 26.8, Bias(17.88,6.72), N=199
IN3: RMSE 22.44, Bias(7.01,4.87), N=199
OUT1: RMSE 33.25, Bias(9.02,-16.42), N=199
OUT2: RMSE 41.22, Bias(-1.64,-26.62), N=200
OUT3: RMSE 50.9, Bias(2.55,-41.01), N=199","40-50m: -27.41
50-60m: -14.14
60-70m: -3.37
70-80m: -7.86
80-90m: -8.53
90-100m: -7.0
100-110m: -6.13"
2026-03-03T17:52:37,29,1000,bottom,0,"{
    ""R"": [[0.9974361600405612, -0.026812688853505223, -0.06634897406881167],
          [-0.06983455784539151, -0.16221795019164273, -0.9842806871853983],
          [0.01562821723925544, 0.9863906002958801, -0.1636745015995339]],
    ""t"": [0.3305659890174866, 0.562313437461853, -1.9266430139541626]
}",27.0,34.96,33.05,22.81,21.9,0.16,0.191,11.44,2.45,-10.34,"40-50m: RMSE 46.54, Bias(20.18,-21.72), N=175
50-60m: RMSE 37.69, Bias(9.79,-12.02), N=265
60-70m: RMSE 30.84, Bias(7.06,-3.55), N=227
70-80m: RMSE 29.81, Bias(-3.16,-9.33), N=191
80-90m: RMSE 30.95, Bias(-11.55,-7.26), N=165
90-100m: RMSE 29.89, Bias(-13.62,-8.33), N=128
100-110m: RMSE 29.31, Bias(-13.75,-6.26), N=41","IN1: RMSE 29.01, Bias(17.56,9.55), N=200
IN2: RMSE 21.1, Bias(-0.5,6.39), N=200
IN3: RMSE 24.32, Bias(-3.4,5.57), N=200
OUT1: RMSE 29.67, Bias(-4.71,-14.18), N=198
OUT2: RMSE 44.88, Bias(-3.63,-30.91), N=197
OUT3: RMSE 51.22, Bias(9.23,-38.79), N=200","40-50m: -21.72
50-60m: -12.02
60-70m: -3.55
70-80m: -9.33
80-90m: -7.26
90-100m: -8.33
100-110m: -6.26"
2026-03-03T17:57:48,30,1000,bottom,-1,"{
    ""R"": [[1, 0.0, 0.0],
          [0.0, 0.0, -1.0],
          [0.0, 1.0, 0.0]],
    ""t"": [0.08, 0.0, -0.08]
}",,,,,,,,,,,,,
2026-03-03T17:59:11,31,1000,bottom,0,"{
    ""R"": [[0.9865928128335802, -0.014602843835196068, -0.1625465429255515],
          [-0.16266739748835876, -0.16847703933287939, -0.9721907246070551],
          [-0.013188610976428398, 0.9855974047092212, -0.16859364273589952]],
    ""t"": [0.08, 0.0, -0.08]
}",20.0,52.55,52.49,23.81,23.08,0.337,0.164,13.93,37.47,-8.65,"30-40m: RMSE 50.94, Bias(-14.98,-13.08), N=12
40-50m: RMSE 71.57, Bias(27.94,-25.12), N=75
50-60m: RMSE 65.99, Bias(52.49,-8.3), N=160
60-70m: RMSE 57.91, Bias(48.77,-2.31), N=192
70-80m: RMSE 48.81, Bias(40.7,-5.84), N=133
80-90m: RMSE 35.62, Bias(26.43,-8.97), N=123
90-100m: RMSE 29.79, Bias(19.89,-10.32), N=104
100-110m: RMSE 30.03, Bias(20.13,-10.98), N=31","IN1: RMSE 64.26, Bias(61.34,2.53), N=139
IN2: RMSE 61.6, Bias(59.3,5.14), N=139
IN3: RMSE 36.23, Bias(32.16,-1.05), N=138
OUT1: RMSE 35.41, Bias(26.61,-4.82), N=140
OUT2: RMSE 67.55, Bias(46.76,-35.66), N=142
OUT3: RMSE 43.81, Bias(-2.97,-17.76), N=134","30-40m: -13.08
40-50m: -25.12
50-60m: -8.3
60-70m: -2.31
70-80m: -5.84
80-90m: -8.97
90-100m: -10.32
100-110m: -10.98"
2026-03-03T18:00:36,32,1000,bottom,0,"{
    ""R"": [[0.9744635841803859, -0.03651709180047252, -0.22155637005681258],
          [-0.22453975390762276, -0.1655849042010364, -0.9602934647366071],
          [-0.0016192657038062923, 0.9855192243214583, -0.16955599804020832]],
    ""t"": [-0.07608413696289062, 0.22728106379508972, -0.9359291791915894]
}",22.0,46.28,42.73,25.52,23.97,0.249,0.181,12.11,-20.96,-5.58,"30-40m: RMSE 74.23, Bias(59.51,-38.0), N=13
40-50m: RMSE 42.88, Bias(-4.7,-9.85), N=175
50-60m: RMSE 48.35, Bias(-17.29,-5.88), N=197
60-70m: RMSE 52.18, Bias(-43.06,3.88), N=145
70-80m: RMSE 50.78, Bias(-33.06,-5.79), N=105
80-90m: RMSE 49.73, Bias(-29.56,-12.1), N=38
90-100m: RMSE 42.13, Bias(-28.59,0.96), N=36
100-110m: RMSE 26.87, Bias(0.0,-10.61), N=22","IN1: RMSE 29.44, Bias(-5.64,16.88), N=122
IN2: RMSE 44.69, Bias(-34.85,8.89), N=122
IN3: RMSE 44.68, Bias(-28.88,-4.63), N=122
OUT1: RMSE 57.59, Bias(-38.43,-21.62), N=121
OUT2: RMSE 55.64, Bias(-35.98,-11.27), N=123
OUT3: RMSE 51.27, Bias(18.31,-21.97), N=121","30-40m: -38.0
40-50m: -9.85
50-60m: -5.88
60-70m: 3.88
70-80m: -5.79
80-90m: -12.1
90-100m: 0.96
100-110m: -10.61"
2026-03-03T18:01:59,33,1000,bottom,0,"{
    ""R"": [[0.9763022633325507, -0.03394465117153724, -0.2137326630830732],
          [-0.21640318955628132, -0.16172830932479587, -0.9628154618164433],
          [-0.001884187253990257, 0.9862513445465032, -0.16524144522064116]],
    ""t"": [-0.11855196207761765, 0.39488041400909424, -1.068904995918274]
}",20.0,43.95,41.19,24.46,24.31,0.243,0.169,17.62,-20.72,-7.07,"30-40m: RMSE 64.24, Bias(62.44,-6.82), N=8
40-50m: RMSE 38.3, Bias(-5.49,-5.17), N=119
50-60m: RMSE 50.68, Bias(-14.74,-10.72), N=158
60-70m: RMSE 53.11, Bias(-41.17,-1.59), N=105
70-80m: RMSE 50.32, Bias(-29.08,-7.02), N=99
80-90m: RMSE 43.66, Bias(-30.81,-10.15), N=51
90-100m: RMSE 40.09, Bias(-31.1,-9.74), N=34
100-110m: RMSE 26.9, Bias(3.89,-6.28), N=17","IN1: RMSE 30.98, Bias(-0.75,1.68), N=101
IN2: RMSE 37.64, Bias(-25.02,2.08), N=97
IN3: RMSE 45.12, Bias(-34.88,-5.97), N=100
OUT1: RMSE 57.09, Bias(-51.03,-4.3), N=99
OUT2: RMSE 54.35, Bias(-13.23,-9.66), N=95
OUT3: RMSE 53.47, Bias(0.53,-26.38), N=99","30-40m: -6.82
40-50m: -5.17
50-60m: -10.72
60-70m: -1.59
70-80m: -7.02
80-90m: -10.15
90-100m: -9.74
100-110m: -6.28"
2026-03-03T18:03:24,34,1000,bottom,0,"{
    ""R"": [[0.9996024926992384, -0.026912567313848137, -0.008400613670775324],
          [-0.012558707791605285, -0.15827795156803562, -0.987314726369475],
          [0.025241542109647845, 0.9870277624099553, -0.1585530219955541]],
    ""t"": [0.145894855260849, 0.640071451663971, -1.430388331413269]
}",31.0,28.77,24.68,19.74,18.45,0.141,0.134,8.99,-8.23,-2.45,"30-40m: RMSE 46.43, Bias(-15.03,-28.85), N=9
40-50m: RMSE 33.93, Bias(2.38,-11.19), N=250
50-60m: RMSE 31.3, Bias(-5.03,0.42), N=300
60-70m: RMSE 29.47, Bias(-4.79,0.82), N=253
70-80m: RMSE 27.16, Bias(-10.19,-0.57), N=205
80-90m: RMSE 27.5, Bias(-16.4,-0.42), N=180
90-100m: RMSE 29.12, Bias(-21.68,-2.91), N=137
100-110m: RMSE 30.98, Bias(-22.01,-1.61), N=51","IN1: RMSE 22.33, Bias(3.65,10.76), N=232
IN2: RMSE 22.91, Bias(-11.72,8.49), N=230
IN3: RMSE 22.13, Bias(-4.57,5.07), N=235
OUT1: RMSE 30.43, Bias(-17.01,-3.05), N=226
OUT2: RMSE 33.14, Bias(-12.95,-9.18), N=231
OUT3: RMSE 44.56, Bias(-7.08,-26.98), N=231","30-40m: -28.85
40-50m: -11.19
50-60m: 0.42
60-70m: 0.82
70-80m: -0.57
80-90m: -0.42
90-100m: -2.91
100-110m: -1.61"
2026-03-03T18:04:48,35,1000,bottom,0,"{
    ""R"": [[0.9973411425302122, -0.023556860987569976, -0.06896172646433171],
          [-0.0718531491906284, -0.16002380042251962, -0.9844945445505133],
          [0.012156083576476951, 0.9868320310968557, -0.16129095459242535]],
    ""t"": [0.04890258237719536, 0.05723024904727936, -1.6129133701324463]
}",26.0,35.12,29.21,23.98,22.6,0.163,0.186,9.7,-0.2,-14.46,"40-50m: RMSE 48.69, Bias(13.28,-28.73), N=151
50-60m: RMSE 40.2, Bias(4.25,-19.69), N=287
60-70m: RMSE 28.8, Bias(2.25,-8.61), N=257
70-80m: RMSE 28.36, Bias(-4.68,-11.3), N=182
80-90m: RMSE 31.41, Bias(-9.23,-9.04), N=173
90-100m: RMSE 30.32, Bias(-8.9,-10.65), N=138
100-110m: RMSE 26.88, Bias(-7.31,-11.64), N=40","IN1: RMSE 23.8, Bias(9.34,-3.64), N=208
IN2: RMSE 19.11, Bias(0.18,2.2), N=203
IN3: RMSE 22.23, Bias(-9.62,-1.58), N=209
OUT1: RMSE 42.58, Bias(5.39,-28.1), N=203
OUT2: RMSE 37.86, Bias(-12.66,-22.76), N=203
OUT3: RMSE 52.16, Bias(6.14,-33.31), N=205","40-50m: -28.73
50-60m: -19.69
60-70m: -8.61
70-80m: -11.3
80-90m: -9.04
90-100m: -10.65
100-110m: -11.64"
2026-03-03T18:06:12,36,1000,bottom,0,"{
    ""R"": [[0.9984709739854892, -0.027945399712982485, 0.04769453578084278],
          [0.042779632451890925, -0.1557944214483878, -0.9868627064049205],
          [0.035008815400547316, 0.9873941223647443, -0.1543607137966351]],
    ""t"": [0.3518454432487488, 0.5373497009277344, -1.7345478534698486]
}",30.0,24.69,22.3,20.27,18.69,0.116,0.114,9.44,-2.69,-0.55,"30-40m: RMSE 36.62, Bias(-10.12,-20.95), N=9
40-50m: RMSE 29.02, Bias(3.88,-9.5), N=257
50-60m: RMSE 28.48, Bias(-0.66,2.78), N=314
60-70m: RMSE 25.75, Bias(2.07,3.68), N=287
70-80m: RMSE 23.08, Bias(-4.03,1.97), N=206
80-90m: RMSE 22.38, Bias(-11.17,-0.77), N=164
90-100m: RMSE 23.5, Bias(-12.37,-2.95), N=147
100-110m: RMSE 25.13, Bias(-14.07,1.42), N=47","IN1: RMSE 20.95, Bias(1.35,1.43), N=242
IN2: RMSE 17.93, Bias(0.59,6.33), N=235
IN3: RMSE 22.11, Bias(-3.62,7.34), N=240
OUT1: RMSE 23.91, Bias(-10.13,-0.06), N=238
OUT2: RMSE 28.19, Bias(-3.9,-5.68), N=237
OUT3: RMSE 38.41, Bias(-0.48,-12.63), N=239","30-40m: -20.95
40-50m: -9.5
50-60m: 2.78
60-70m: 3.68
70-80m: 1.97
80-90m: -0.77
90-100m: -2.95
100-110m: 1.42"
2026-03-03T18:07:37,37,1000,bottom,-1,"{
    ""R"": [[0.9733237356683911, -0.026231318006908307, -0.22793162031659472],
          [-0.22915651984744018, -0.1601689743657828, -0.960121444954764],
          [-0.011322322903779445, 0.9867410083736425, -0.1619073420133533]],
    ""t"": [-0.11517346650362015, 0.7067781686782837, -1.1173986196517944]
}",18.0,43.15,36.25,26.62,25.02,0.203,0.189,16.56,-4.08,-9.64,"40-50m: RMSE 52.54, Bias(11.48,-3.5), N=95
50-60m: RMSE 46.93, Bias(-2.74,-14.41), N=121
60-70m: RMSE 40.34, Bias(-14.37,-8.32), N=85
70-80m: RMSE 50.98, Bias(-8.9,-12.6), N=90
80-90m: RMSE 46.0, Bias(-13.04,-7.5), N=94
90-100m: RMSE 31.54, Bias(0.36,-10.72), N=46
100-110m: RMSE 39.77, Bias(28.79,-0.65), N=10","IN1: RMSE 62.99, Bias(38.55,-28.76), N=91
IN2: RMSE 40.84, Bias(-5.16,6.12), N=90
IN3: RMSE 27.45, Bias(-3.24,7.2), N=92
OUT1: RMSE 37.62, Bias(-23.29,9.99), N=89
OUT2: RMSE 46.78, Bias(-27.36,-17.15), N=94
OUT3: RMSE 54.27, Bias(-3.63,-35.7), N=87","40-50m: -3.5
50-60m: -14.41
60-70m: -8.32
70-80m: -12.6
80-90m: -7.5
90-100m: -10.72
