timestamp,iter_idx,iterations_total,bbox_ref_mode,calib_exit_code,Rt_multiline,valid_tracks,rmse_abs_mean,rmse_abs_median,rmse_db_mean,rmse_db_median,ru_abs_mean,rv_abs_mean,angle_diff_mean_deg,global_bias_u,global_bias_v,distance_bins_text,lane_rmse_text,distance_bias_v_text
2026-02-24T19:11:22,1,500,bottom,0,"{
    ""R"": [[0.9994071483620756, -0.022347259101115048, 0.026190681805764518],
          [0.022357496914083997, -0.1572447645589943, -0.9873065513560227],
          [0.026181942909568674, 0.9873067831375685, -0.15665191296637898]],
    ""t"": [0.08, 0.0, -0.08]
}",32,37.32,35.63,23.33,22.76,0.147,0.188,8.07,2.37,-17.57,"30-40m: RMSE 80.19, Bias(-5.24,-66.7), N=21
40-50m: RMSE 55.78, Bias(-2.22,-43.91), N=287
50-60m: RMSE 39.09, Bias(5.63,-18.24), N=421
60-70m: RMSE 34.5, Bias(8.09,-12.95), N=367
70-80m: RMSE 31.17, Bias(3.01,-9.28), N=248
80-90m: RMSE 22.93, Bias(-2.22,-5.57), N=244
90-100m: RMSE 24.66, Bias(0.14,-10.19), N=249
100-110m: RMSE 29.26, Bias(-4.12,-12.69), N=73","IN1: RMSE 36.02, Bias(20.99,-13.95), N=320
IN2: RMSE 27.6, Bias(19.1,0.35), N=320
IN3: RMSE 30.94, Bias(8.49,-11.14), N=316
OUT1: RMSE 35.17, Bias(-2.18,-23.1), N=318
OUT2: RMSE 51.25, Bias(-17.93,-32.36), N=317
OUT3: RMSE 39.74, Bias(-14.42,-25.34), N=319",30-40m: -66.7 | 40-50m: -43.91 | 50-60m: -18.24 | 60-70m: -12.95 | 70-80m: -9.28 | 80-90m: -5.57 | 90-100m: -10.19 | 100-110m: -12.69
2026-02-24T19:15:04,2,500,bottom,0,"{
    ""R"": [[0.9858360654839956, -0.024602940931813873, 0.1658973998848072],
          [0.1606149962111831, -0.14620615990984798, -0.9761283633808089],
          [0.04827085024231286, 0.9889481554166125, -0.1401837041705011]],
    ""t"": [0.08, 0.0, -0.08]
}",27,34.1,31.76,23.01,21.92,0.154,0.137,9.44,1.28,-3.34,"30-40m: RMSE 51.93, Bias(-32.0,-15.94), N=46
40-50m: RMSE 46.34, Bias(-24.81,-10.08), N=243
50-60m: RMSE 31.54, Bias(-0.32,-4.19), N=291
60-70m: RMSE 30.04, Bias(9.28,-0.31), N=283
70-80m: RMSE 30.59, Bias(12.87,1.99), N=182
80-90m: RMSE 27.53, Bias(14.44,-0.74), N=146
90-100m: RMSE 24.41, Bias(13.27,-1.82), N=153
100-110m: RMSE 24.6, Bias(7.13,-2.47), N=36","IN1: RMSE 40.05, Bias(6.27,-28.26), N=230
IN2: RMSE 32.85, Bias(17.81,-8.67), N=234
IN3: RMSE 29.51, Bias(17.0,1.95), N=226
OUT1: RMSE 21.3, Bias(5.5,3.74), N=231
OUT2: RMSE 25.43, Bias(-7.04,5.03), N=229
OUT3: RMSE 47.25, Bias(-31.93,6.38), N=230",30-40m: -15.94 | 40-50m: -10.08 | 50-60m: -4.19 | 60-70m: -0.31 | 70-80m: 1.99 | 80-90m: -0.74 | 90-100m: -1.82 | 100-110m: -2.47
2026-02-24T19:18:49,3,500,bottom,0,"{
    ""R"": [[0.9912375782417463, -0.02583727743582935, 0.12953956374845854],
          [0.12438215441037467, -0.1475493435699752, -0.9812024617153706],
          [0.04446507782148494, 0.9887171619359976, -0.14304275775989453]],
    ""t"": [0.08, 0.0, -0.08]
}",25,31.76,29.06,22.09,20.36,0.137,0.121,6.44,-2.93,-3.76,"30-40m: RMSE 52.85, Bias(-26.07,-28.0), N=58
40-50m: RMSE 42.17, Bias(-21.74,-15.2), N=226
50-60m: RMSE 30.47, Bias(-1.36,-3.43), N=260
60-70m: RMSE 26.31, Bias(2.65,0.06), N=231
70-80m: RMSE 26.84, Bias(5.82,4.91), N=169
80-90m: RMSE 22.74, Bias(5.04,2.38), N=134
90-100m: RMSE 21.97, Bias(6.9,1.52), N=129
100-110m: RMSE 25.94, Bias(-0.42,-2.22), N=34","IN1: RMSE 36.79, Bias(0.79,-20.82), N=207
IN2: RMSE 29.32, Bias(13.68,-3.83), N=208
IN3: RMSE 20.42, Bias(7.95,5.49), N=207
OUT1: RMSE 23.13, Bias(-3.0,2.55), N=205
OUT2: RMSE 28.16, Bias(-8.12,5.56), N=207
OUT3: RMSE 45.16, Bias(-28.95,-11.46), N=207",30-40m: -28.0 | 40-50m: -15.2 | 50-60m: -3.43 | 60-70m: 0.06 | 70-80m: 4.91 | 80-90m: 2.38 | 90-100m: 1.52 | 100-110m: -2.22
2026-02-24T19:22:30,4,500,bottom,0,"{
    ""R"": [[0.9988259485892047, -0.026096857868801348, -0.040812723925888146],
          [-0.044415189186787433, -0.15700151047395786, -0.9865991164999071],
          [0.019339477613861948, 0.9872535032696876, -0.15797627950851267]],
    ""t"": [-0.18603594601154327, 0.5724717974662781, -1.1167861223220825]
}",32,38.82,36.23,22.93,22.45,0.189,0.161,4.88,-24.29,-10.38,"30-40m: RMSE 67.79, Bias(-31.3,-48.35), N=30
40-50m: RMSE 51.45, Bias(-23.35,-19.92), N=329
50-60m: RMSE 42.61, Bias(-22.11,-9.66), N=360
60-70m: RMSE 41.77, Bias(-24.58,-6.74), N=315
70-80m: RMSE 42.86, Bias(-27.12,-7.3), N=207
80-90m: RMSE 38.61, Bias(-23.68,-3.1), N=171
90-100m: RMSE 38.82, Bias(-26.31,-4.22), N=147
100-110m: RMSE 35.12, Bias(-23.56,-6.66), N=28","IN1: RMSE 27.59, Bias(-7.5,9.22), N=265
IN2: RMSE 29.6, Bias(-14.99,7.33), N=266
IN3: RMSE 40.11, Bias(-31.98,-1.31), N=263
OUT1: RMSE 56.96, Bias(-38.3,-25.98), N=266
OUT2: RMSE 48.74, Bias(-29.37,-16.33), N=264
OUT3: RMSE 53.65, Bias(-23.68,-35.26), N=264",30-40m: -48.35 | 40-50m: -19.92 | 50-60m: -9.66 | 60-70m: -6.74 | 70-80m: -7.3 | 80-90m: -3.1 | 90-100m: -4.22 | 100-110m: -6.66
2026-02-24T19:26:14,5,500,bottom,-1,"{
    ""R"": [[0.9558598688633624, -0.07098266998453541, -0.28511992504625616],
          [-0.2913668398416893, -0.10378305053348698, -0.9509650062240098],
          [0.03791141961446098, 0.992063777679555, -0.11988404931009848]],
    ""t"": [0.07658979296684265, -0.026418587192893028, -1.708272933959961]
}",13,48.34,52.62,37.12,33.91,0.152,0.146,13.58,9.01,-12.38,"40-50m: RMSE 58.56, Bias(43.53,-0.94), N=64
50-60m: RMSE 53.23, Bias(9.68,-14.09), N=76
60-70m: RMSE 43.04, Bias(6.46,-6.33), N=49
70-80m: RMSE 47.0, Bias(27.43,-15.88), N=25
80-90m: RMSE 46.82, Bias(8.4,-26.14), N=89
90-100m: RMSE 40.37, Bias(-13.89,-8.2), N=118
100-110m: RMSE 43.29, Bias(11.63,-13.92), N=26","IN1: RMSE 57.12, Bias(40.19,-2.66), N=75
IN2: RMSE 51.85, Bias(28.49,-18.31), N=75
IN3: RMSE 44.56, Bias(7.67,-26.96), N=75
OUT1: RMSE 41.16, Bias(-19.79,-7.07), N=74
OUT2: RMSE 43.44, Bias(8.56,-3.1), N=77
OUT3: RMSE 46.91, Bias(-12.0,-16.49), N=73",40-50m: -0.94 | 50-60m: -14.09 | 60-70m: -6.33 | 70-80m: -15.88 | 80-90m: -26.14 | 90-100m: -8.2 | 100-110m: -13.92
2026-02-24T19:29:57,6,500,bottom,0,"{
    ""R"": [[0.978015147628009, -0.020621688192922347, 0.20751172734628123],
          [0.20196358342537404, -0.1541524481332988, -0.9671854701682056],
          [0.0519334379773327, 0.9878318524478669, -0.1465985992745841]],
    ""t"": [0.08, 0.0, -0.08]
}",21,40.93,40.42,24.77,24.17,0.171,0.225,10.2,13.51,-22.38,"30-40m: RMSE 49.55, Bias(-28.36,-15.25), N=21
40-50m: RMSE 51.52, Bias(-7.97,-29.36), N=141
50-60m: RMSE 46.67, Bias(12.33,-24.6), N=274
60-70m: RMSE 44.48, Bias(18.65,-23.0), N=280
70-80m: RMSE 40.19, Bias(17.8,-21.61), N=169
80-90m: RMSE 35.8, Bias(21.72,-18.44), N=122
90-100m: RMSE 36.41, Bias(21.19,-17.56), N=134
100-110m: RMSE 30.86, Bias(14.41,-12.45), N=36","IN1: RMSE 66.42, Bias(23.24,-56.38), N=199
IN2: RMSE 50.18, Bias(30.88,-30.17), N=195
IN3: RMSE 35.92, Bias(15.43,-21.77), N=196
OUT1: RMSE 33.52, Bias(8.66,-16.75), N=195
OUT2: RMSE 29.87, Bias(12.19,-12.7), N=196
OUT3: RMSE 32.11, Bias(-9.44,4.0), N=196",30-40m: -15.25 | 40-50m: -29.36 | 50-60m: -24.6 | 60-70m: -23.0 | 70-80m: -21.61 | 80-90m: -18.44 | 90-100m: -17.56 | 100-110m: -12.45
2026-02-24T19:33:34,7,500,bottom,-1,"{
    ""R"": [[0.9961426197328254, -0.01235773193026943, -0.08687443590242451],
          [-0.0877016681898245, -0.1727135798770143, -0.9810598537922077],
          [-0.0028807201437907022, 0.9848945658229645, -0.1731311516274509]],
    ""t"": [0.08, 0.0, -0.08]
}",15,49.96,51.45,25.45,24.23,0.321,0.244,9.11,15.94,-21.35,"30-40m: RMSE 36.95, Bias(15.15,2.14), N=16
40-50m: RMSE 52.63, Bias(2.51,-16.32), N=68
50-60m: RMSE 58.08, Bias(21.91,-24.88), N=109
60-70m: RMSE 56.02, Bias(12.34,-25.41), N=151
70-80m: RMSE 48.56, Bias(22.6,-19.93), N=127
80-90m: RMSE 43.27, Bias(23.69,-20.86), N=99
90-100m: RMSE 40.23, Bias(13.8,-23.18), N=99
100-110m: RMSE 31.63, Bias(-9.64,-12.13), N=23","IN1: RMSE 70.57, Bias(53.5,-33.48), N=116
IN2: RMSE 51.85, Bias(32.93,-23.49), N=118
IN3: RMSE 34.66, Bias(15.05,-16.19), N=113
OUT1: RMSE 58.01, Bias(19.92,-37.64), N=117
OUT2: RMSE 38.29, Bias(-16.84,-13.19), N=115
OUT3: RMSE 34.01, Bias(-9.75,-3.55), N=115",30-40m: 2.14 | 40-50m: -16.32 | 50-60m: -24.88 | 60-70m: -25.41 | 70-80m: -19.93 | 80-90m: -20.86 | 90-100m: -23.18 | 100-110m: -12.13
2026-02-24T19:37:20,8,500,bottom,0,"{
    ""R"": [[0.9968806894336831, -0.028792503623066904, -0.0734838946255706],
          [-0.07722473339110196, -0.16372158700669687, -0.9834793248974186],
          [0.016285932177788863, 0.9860863216185097, -0.16543438194636645]],
    ""t"": [0.10705067962408066, 0.6108625531196594, -1.2698665857315063]
}",29,42.58,35.98,24.81,25.29,0.153,0.216,6.65,-12.59,-15.62,"30-40m: RMSE 78.58, Bias(-19.2,-67.55), N=17
40-50m: RMSE 57.17, Bias(-10.63,-31.19), N=303
50-60m: RMSE 43.85, Bias(-7.95,-17.52), N=295
60-70m: RMSE 40.7, Bias(-13.69,-11.63), N=221
70-80m: RMSE 36.12, Bias(-16.61,-8.44), N=147
80-90m: RMSE 31.59, Bias(-14.38,0.91), N=152
90-100m: RMSE 35.17, Bias(-16.7,-5.8), N=159
100-110m: RMSE 35.17, Bias(-15.26,-6.78), N=24","IN1: RMSE 34.43, Bias(-1.63,6.04), N=221
IN2: RMSE 24.39, Bias(-7.78,9.76), N=220
IN3: RMSE 32.36, Bias(-18.9,-1.55), N=219
OUT1: RMSE 40.4, Bias(-19.59,-18.86), N=221
OUT2: RMSE 65.89, Bias(-22.06,-48.18), N=218
OUT3: RMSE 55.43, Bias(-5.72,-41.23), N=220",30-40m: -67.55 | 40-50m: -31.19 | 50-60m: -17.52 | 60-70m: -11.63 | 70-80m: -8.44 | 80-90m: 0.91 | 90-100m: -5.8 | 100-110m: -6.78
2026-02-24T19:41:10,9,500,bottom,0,"{
    ""R"": [[0.9975239058081982, -0.01950797594268751, 0.06756845577470007],
          [0.06375222307944584, -0.15482130380606302, -0.9858833693395074],
          [0.02969362547057226, 0.9877498685205737, -0.15319427484081505]],
    ""t"": [0.08, 0.0, -0.08]
}",30,37.27,35.3,22.8,21.51,0.179,0.149,7.31,15.74,-12.82,"30-40m: RMSE 53.85, Bias(3.47,-37.8), N=18
40-50m: RMSE 48.7, Bias(6.68,-34.86), N=289
50-60m: RMSE 37.51, Bias(16.24,-11.21), N=396
60-70m: RMSE 36.7, Bias(19.54,-8.79), N=342
70-80m: RMSE 35.84, Bias(19.31,-4.17), N=230
80-90m: RMSE 28.46, Bias(17.17,-5.4), N=203
90-100m: RMSE 29.01, Bias(17.65,-7.98), N=212
100-110m: RMSE 29.02, Bias(12.46,-7.39), N=52","IN1: RMSE 44.03, Bias(31.46,-18.57), N=293
IN2: RMSE 35.92, Bias(31.91,1.22), N=289
IN3: RMSE 36.56, Bias(23.42,-12.03), N=298
OUT1: RMSE 28.46, Bias(10.65,-13.67), N=281
OUT2: RMSE 39.07, Bias(-3.55,-17.41), N=290
OUT3: RMSE 38.34, Bias(0.15,-16.37), N=291",30-40m: -37.8 | 40-50m: -34.86 | 50-60m: -11.21 | 60-70m: -8.79 | 70-80m: -4.17 | 80-90m: -5.4 | 90-100m: -7.98 | 100-110m: -7.39
2026-02-24T19:45:20,10,500,bottom,-1,"{
    ""R"": [[1, 0.0, 0.0],
          [0.0, 0.0, -1.0],
          [0.0, 1.0, 0.0]],
    ""t"": [0.08, 0.0, -0.08]
}",,,,,,,,,,,,,
2026-02-24T19:49:06,11,500,bottom,0,"{
    ""R"": [[0.9971167906500101, -0.026631463562000978, 0.07105540762228903],
          [0.06617710105733232, -0.1530074661241886, -0.9860067477486671],
          [0.03713081064926331, 0.9878661247652951, -0.1508039205117936]],
    ""t"": [0.08, 0.0, -0.08]
}",30,34.07,32.62,24.72,23.14,0.136,0.131,6.38,-10.88,-8.55,"30-40m: RMSE 68.57, Bias(-17.72,-53.24), N=38
40-50m: RMSE 48.36, Bias(-22.39,-26.68), N=309
50-60m: RMSE 33.94, Bias(-10.49,-5.15), N=355
60-70m: RMSE 29.43, Bias(-6.47,-1.69), N=301
70-80m: RMSE 26.44, Bias(-6.37,1.06), N=190
80-90m: RMSE 22.61, Bias(-8.96,-0.74), N=149
90-100m: RMSE 18.44, Bias(-2.5,-1.83), N=128
100-110m: RMSE 19.05, Bias(-6.8,-2.52), N=31","IN1: RMSE 30.41, Bias(1.11,-13.76), N=251
IN2: RMSE 23.29, Bias(8.79,2.78), N=250
IN3: RMSE 16.34, Bias(-7.39,3.54), N=251
OUT1: RMSE 27.45, Bias(-14.87,-5.71), N=250
OUT2: RMSE 47.46, Bias(-28.76,-15.26), N=250
OUT3: RMSE 51.03, Bias(-24.29,-22.94), N=249",30-40m: -53.24 | 40-50m: -26.68 | 50-60m: -5.15 | 60-70m: -1.69 | 70-80m: 1.06 | 80-90m: -0.74 | 90-100m: -1.83 | 100-110m: -2.52
2026-02-24T19:52:47,12,500,bottom,0,"{
    ""R"": [[0.9986534207734672, -0.024617321760185256, 0.04566544258855098],
          [0.04131325034721283, -0.15502464113825712, -0.987046389986663],
          [0.03137770742424067, 0.9876038416841595, -0.15379886660014272]],
    ""t"": [-0.11037231236696243, 0.5680407881736755, -1.8024340867996216]
}",30,33.14,30.76,23.37,20.8,0.148,0.122,6.75,-16.9,-3.63,"30-40m: RMSE 63.22, Bias(-16.63,-47.8), N=45
40-50m: RMSE 41.56, Bias(-22.51,-15.91), N=328
50-60m: RMSE 35.81, Bias(-16.47,1.35), N=327
60-70m: RMSE 30.23, Bias(-14.09,3.65), N=329
70-80m: RMSE 28.42, Bias(-14.15,0.04), N=191
80-90m: RMSE 27.24, Bias(-16.64,-0.18), N=158
90-100m: RMSE 25.28, Bias(-15.56,-0.26), N=155
100-110m: RMSE 26.08, Bias(-17.5,3.28), N=33","IN1: RMSE 35.57, Bias(-17.28,-5.53), N=261
IN2: RMSE 20.62, Bias(-1.71,5.41), N=261
IN3: RMSE 28.65, Bias(-21.57,3.78), N=268
OUT1: RMSE 32.54, Bias(-25.8,3.2), N=254
OUT2: RMSE 41.72, Bias(-23.84,-11.37), N=261
OUT3: RMSE 42.67, Bias(-11.33,-17.27), N=261",30-40m: -47.8 | 40-50m: -15.91 | 50-60m: 1.35 | 60-70m: 3.65 | 70-80m: 0.04 | 80-90m: -0.18 | 90-100m: -0.26 | 100-110m: 3.28
2026-02-24T19:56:28,13,500,bottom,-1,"{
    ""R"": [[0.9776035545899395, -0.08195043893071799, 0.19384379178136776],
          [0.18899399552581722, -0.06336167665909279, -0.979931919873078],
          [0.09258811861304383, 0.9946202408406993, -0.046454459438096674]],
    ""t"": [0.08, 0.0, -0.08]
}",9,41.41,37.13,33.92,33.5,0.09,0.118,4.49,-1.95,-8.82,"40-50m: RMSE 44.74, Bias(4.77,-16.13), N=71
50-60m: RMSE 49.68, Bias(-11.48,-16.41), N=66
60-70m: RMSE 45.25, Bias(-22.99,7.94), N=15
70-80m: RMSE 44.89, Bias(18.51,-16.54), N=34
80-90m: RMSE 41.34, Bias(7.02,-5.34), N=81
90-100m: RMSE 35.47, Bias(-19.56,9.87), N=42","IN1: RMSE 53.18, Bias(17.63,-24.63), N=52
IN2: RMSE 43.49, Bias(-14.57,-16.17), N=52
IN3: RMSE 48.27, Bias(6.15,-21.91), N=52
OUT1: RMSE 44.22, Bias(9.66,-13.01), N=53
OUT2: RMSE 35.75, Bias(-5.64,7.47), N=51
OUT3: RMSE 38.91, Bias(-25.19,15.71), N=52",40-50m: -16.13 | 50-60m: -16.41 | 60-70m: 7.94 | 70-80m: -16.54 | 80-90m: -5.34 | 90-100m: 9.87
2026-02-24T20:00:14,14,500,bottom,0,"{
    ""R"": [[0.9976690274320343, -0.01915871740850034, 0.06549393292572245],
          [0.06169801563093076, -0.15677196222227108, -0.9857057911609249],
          [0.029152471079193942, 0.9874489836990261, -0.1552244762327664]],
    ""t"": [0.08, 0.0, -0.08]
}",32,38.41,38.25,23.36,22.57,0.16,0.174,4.88,15.13,-17.55,"30-40m: RMSE 74.41, Bias(9.74,-61.71), N=26
40-50m: RMSE 53.74, Bias(4.6,-41.75), N=328
50-60m: RMSE 38.86, Bias(16.2,-14.74), N=455
60-70m: RMSE 38.25, Bias(19.39,-12.37), N=380
70-80m: RMSE 36.15, Bias(18.83,-9.97), N=252
80-90m: RMSE 29.8, Bias(16.78,-8.1), N=225
90-100m: RMSE 29.29, Bias(17.17,-11.32), N=219
100-110m: RMSE 27.12, Bias(10.26,-9.61), N=55","IN1: RMSE 48.11, Bias(29.36,-25.67), N=325
IN2: RMSE 41.84, Bias(35.05,-8.3), N=323
IN3: RMSE 33.24, Bias(21.78,-11.58), N=324
OUT1: RMSE 32.65, Bias(8.21,-19.09), N=321
OUT2: RMSE 42.98, Bias(-5.28,-23.44), N=323
OUT3: RMSE 38.39, Bias(1.53,-17.2), N=324",30-40m: -61.71 | 40-50m: -41.75 | 50-60m: -14.74 | 60-70m: -12.37 | 70-80m: -9.97 | 80-90m: -8.1 | 90-100m: -11.32 | 100-110m: -9.61
2026-02-24T20:03:57,15,500,bottom,0,"{
    ""R"": [[0.9983254881597524, -0.017879198875471958, 0.055014124896828526],
          [0.051571916661442514, -0.1556898570061757, -0.9864588211563937],
          [0.02620223468442592, 0.9876441680448318, -0.15450708794283283]],
    ""t"": [0.08, 0.0, -0.08]
}",33,38.8,37.62,22.72,21.66,0.189,0.159,5.79,18.12,-13.15,"30-40m: RMSE 67.37, Bias(0.57,-58.62), N=16
40-50m: RMSE 52.21, Bias(10.03,-39.56), N=316
50-60m: RMSE 39.23, Bias(19.8,-11.05), N=452
60-70m: RMSE 36.16, Bias(21.0,-7.28), N=403
70-80m: RMSE 36.54, Bias(20.38,-5.04), N=269
80-90m: RMSE 29.35, Bias(18.11,-3.76), N=229
90-100m: RMSE 31.26, Bias(21.24,-8.28), N=236
100-110m: RMSE 26.46, Bias(11.2,-8.76), N=62","IN1: RMSE 51.4, Bias(34.21,-22.56), N=331
IN2: RMSE 44.16, Bias(36.65,-4.45), N=331
IN3: RMSE 32.93, Bias(23.03,-5.68), N=330
OUT1: RMSE 31.59, Bias(14.12,-15.24), N=331
OUT2: RMSE 41.25, Bias(-0.34,-22.19), N=329
OUT3: RMSE 25.72, Bias(0.92,-8.82), N=331",30-40m: -58.62 | 40-50m: -39.56 | 50-60m: -11.05 | 60-70m: -7.28 | 70-80m: -5.04 | 80-90m: -3.76 | 90-100m: -8.28 | 100-110m: -8.76
2026-02-24T20:07:44,16,500,bottom,-1,"{
    ""R"": [[0.9913811662372978, -0.0778374410116284, 0.10537891632929697],
          [0.10021247076140746, -0.06754826261188479, -0.9926704855701163],
          [0.08438509307851588, 0.9946751052453641, -0.05916579308395298]],
    ""t"": [0.08, 0.0, -0.08]
}",8,38.78,35.57,31.19,29.36,0.098,0.098,5.46,10.22,0.9,"40-50m: RMSE 36.17, Bias(14.14,13.55), N=56
50-60m: RMSE 36.33, Bias(-3.82,4.57), N=53
60-70m: RMSE 37.77, Bias(5.7,-10.62), N=5
70-80m: RMSE 55.83, Bias(42.37,-26.91), N=27
80-90m: RMSE 36.01, Bias(15.54,-6.93), N=74
90-100m: RMSE 30.23, Bias(-8.92,14.91), N=42","IN1: RMSE 37.77, Bias(13.1,11.78), N=44
IN2: RMSE 32.61, Bias(3.01,10.94), N=43
IN3: RMSE 51.92, Bias(25.19,-22.81), N=43
OUT1: RMSE 41.95, Bias(21.67,-17.64), N=43
OUT2: RMSE 27.34, Bias(10.59,5.74), N=42
OUT3: RMSE 33.35, Bias(-11.77,16.88), N=44",40-50m: 13.55 | 50-60m: 4.57 | 60-70m: -10.62 | 70-80m: -26.91 | 80-90m: -6.93 | 90-100m: 14.91
2026-02-24T20:11:25,17,500,bottom,-1,"{
    ""R"": [[0.9118017229470513, -0.06827759890229182, -0.40491454347667727],
          [-0.41018860079051067, -0.10569855395707213, -0.9058549152446583],
          [0.019050716845071407, 0.9920514024885614, -0.12438281637013733]],
    ""t"": [0.08, 0.0, -0.08]
}",11,50.92,50.92,35.46,35.95,0.191,0.133,16.46,10.9,-4.73,"30-40m: RMSE 48.62, Bias(-21.71,-22.12), N=7
40-50m: RMSE 76.6, Bias(-8.74,-38.67), N=25
50-60m: RMSE 63.96, Bias(-2.91,-11.6), N=37
60-70m: RMSE 45.74, Bias(0.23,11.8), N=35
70-80m: RMSE 52.53, Bias(23.22,-12.92), N=30
80-90m: RMSE 49.48, Bias(32.79,-9.5), N=94
90-100m: RMSE 39.55, Bias(0.04,11.58), N=80
100-110m: RMSE 32.84, Bias(16.46,-0.31), N=8","IN1: RMSE 46.84, Bias(19.82,-9.29), N=53
IN2: RMSE 59.25, Bias(48.46,-14.27), N=53
IN3: RMSE 39.22, Bias(23.8,0.39), N=52
OUT1: RMSE 34.19, Bias(-5.3,16.84), N=53
OUT2: RMSE 54.29, Bias(-1.65,-2.33), N=53
OUT3: RMSE 67.09, Bias(-20.08,-19.91), N=52",30-40m: -22.12 | 40-50m: -38.67 | 50-60m: -11.6 | 60-70m: 11.8 | 70-80m: -12.92 | 80-90m: -9.5 | 90-100m: 11.58 | 100-110m: -0.31
2026-02-24T20:15:09,18,500,bottom,-1,"{
    ""R"": [[0.907079981426506, -0.0690516698251939, -0.4152562753163904],
          [-0.4205862047068535, -0.10719262413328595, -0.9008978775320235],
          [0.017696092946580675, 0.9918374908349513, -0.12627446324832836]],
    ""t"": [0.08, 0.0, -0.08]
}",13,46.77,49.45,33.13,33.39,0.191,0.135,20.69,10.47,-6.88,"30-40m: RMSE 48.15, Bias(-19.37,-24.79), N=7
40-50m: RMSE 69.98, Bias(13.29,-31.43), N=24
50-60m: RMSE 48.94, Bias(9.12,-6.65), N=50
60-70m: RMSE 41.43, Bias(3.51,0.41), N=43
70-80m: RMSE 53.73, Bias(13.46,-15.3), N=37
80-90m: RMSE 46.01, Bias(24.57,-11.91), N=98
90-100m: RMSE 36.67, Bias(-2.89,8.27), N=78
100-110m: RMSE 33.83, Bias(16.74,-5.67), N=9","IN1: RMSE 50.23, Bias(17.32,-10.67), N=58
IN2: RMSE 57.0, Bias(42.41,-22.94), N=58
IN3: RMSE 30.89, Bias(12.73,0.64), N=57
OUT1: RMSE 37.51, Bias(-6.23,13.64), N=58
OUT2: RMSE 54.67, Bias(-16.11,-19.03), N=57
OUT3: RMSE 44.65, Bias(12.26,-3.01), N=58",30-40m: -24.79 | 40-50m: -31.43 | 50-60m: -6.65 | 60-70m: 0.41 | 70-80m: -15.3 | 80-90m: -11.91 | 90-100m: 8.27 | 100-110m: -5.67
2026-02-24T20:18:57,19,500,bottom,-1,"{
    ""R"": [[0.8759434106028396, -0.02183847389895991, -0.48191931117068737],
          [-0.4810329735553467, -0.11507139511035742, -0.8691178587394565],
          [-0.036474919793831766, 0.9931171406662559, -0.11130105633332107]],
    ""t"": [0.08, 0.0, -0.08]
}",15,46.89,47.39,31.41,31.38,0.172,0.193,19.96,-11.58,-20.95,"40-50m: RMSE 52.66, Bias(-12.6,-37.55), N=130
50-60m: RMSE 37.08, Bias(-10.24,-9.5), N=125
60-70m: RMSE 51.24, Bias(-9.9,-32.0), N=62
70-80m: RMSE 52.43, Bias(-19.1,-19.2), N=78
80-90m: RMSE 39.63, Bias(0.56,-9.3), N=57
90-100m: RMSE 36.03, Bias(-16.74,9.09), N=25","IN1: RMSE 49.74, Bias(-4.9,-19.01), N=83
IN2: RMSE 46.66, Bias(-14.93,-8.68), N=78
IN3: RMSE 32.71, Bias(-4.02,-12.42), N=80
OUT1: RMSE 51.75, Bias(-23.64,-32.86), N=80
OUT2: RMSE 49.05, Bias(-23.73,-24.42), N=80
OUT3: RMSE 48.71, Bias(1.38,-28.1), N=80",40-50m: -37.55 | 50-60m: -9.5 | 60-70m: -32.0 | 70-80m: -19.2 | 80-90m: -9.3 | 90-100m: 9.09
2026-02-24T20:22:43,20,500,bottom,0,"{
    ""R"": [[0.999573396741301, -0.028952886734544454, -0.003841207726094854],
          [-0.00830524057504686, -0.15568254989473043, -0.9877722240664923],
          [0.028000848309452403, 0.9873827393711172, -0.1558565959012953]],
    ""t"": [0.21883095800876617, 0.5437366962432861, -1.3031158447265625]
}",32,33.38,28.97,22.18,21.46,0.151,0.143,7.37,-15.45,-5.96,"30-40m: RMSE 65.02, Bias(-9.01,-53.57), N=36
40-50m: RMSE 40.35, Bias(-10.24,-16.05), N=329
50-60m: RMSE 32.51, Bias(-9.05,-3.36), N=317
60-70m: RMSE 31.58, Bias(-15.7,-2.4), N=287
70-80m: RMSE 33.53, Bias(-18.28,-2.4), N=194
80-90m: RMSE 31.81, Bias(-22.54,3.48), N=171
90-100m: RMSE 34.43, Bias(-24.78,-1.49), N=172
100-110m: RMSE 35.33, Bias(-28.65,-3.07), N=40","IN1: RMSE 30.96, Bias(-0.55,5.49), N=258
IN2: RMSE 24.1, Bias(-9.05,10.25), N=260
IN3: RMSE 29.54, Bias(-17.71,-1.33), N=255
OUT1: RMSE 45.31, Bias(-21.28,-21.79), N=258
OUT2: RMSE 40.67, Bias(-26.2,-9.45), N=257
OUT3: RMSE 38.28, Bias(-18.01,-19.01), N=258",30-40m: -53.57 | 40-50m: -16.05 | 50-60m: -3.36 | 60-70m: -2.4 | 70-80m: -2.4 | 80-90m: 3.48 | 90-100m: -1.49 | 100-110m: -3.07
2026-02-24T20:26:29,21,500,bottom,0,"{
    ""R"": [[0.9950633174455213, -0.024005255058745303, -0.0962950777759572],
          [-0.09896568661595583, -0.16765247906353067, -0.9808661678009319],
          [0.007401834025800715, 0.9855538513919042, -0.16920052854420267]],
    ""t"": [0.08, 0.0, -0.08]
}",20,35.09,34.35,24.64,21.88,0.17,0.181,9.07,11.99,-14.4,"40-50m: RMSE 49.2, Bias(23.3,-31.19), N=107
50-60m: RMSE 39.29, Bias(26.11,-9.88), N=207
60-70m: RMSE 33.74, Bias(18.38,-8.48), N=228
70-80m: RMSE 28.01, Bias(9.04,-11.3), N=170
80-90m: RMSE 26.67, Bias(-1.95,-15.55), N=170
90-100m: RMSE 28.78, Bias(-1.69,-18.22), N=157
100-110m: RMSE 32.55, Bias(-6.4,-23.39), N=30","IN1: RMSE 35.05, Bias(21.41,-11.82), N=180
IN2: RMSE 38.13, Bias(27.05,-10.56), N=181
IN3: RMSE 31.16, Bias(22.8,-4.37), N=179
OUT1: RMSE 19.55, Bias(-7.39,-10.38), N=177
OUT2: RMSE 35.98, Bias(2.06,-23.31), N=178
OUT3: RMSE 41.12, Bias(5.53,-25.98), N=180",40-50m: -31.19 | 50-60m: -9.88 | 60-70m: -8.48 | 70-80m: -11.3 | 80-90m: -15.55 | 90-100m: -18.22 | 100-110m: -23.39
2026-02-24T20:30:09,22,500,bottom,0,"{
    ""R"": [[0.993727603712827, -0.02578864564977587, -0.10881358083765438],
          [-0.11159767496994559, -0.16630433125160762, -0.9797391634247645],
          [0.0071699763224701485, 0.9857371937603379, -0.16813915747686276]],
    ""t"": [0.43289968371391296, 0.5693971514701843, -1.4538791179656982]
}",25,40.89,38.31,25.35,24.52,0.182,0.198,10.32,12.89,-10.09,"40-50m: RMSE 55.01, Bias(29.56,-17.13), N=154
50-60m: RMSE 52.9, Bias(27.79,-17.33), N=241
60-70m: RMSE 41.46, Bias(16.13,-5.73), N=262
70-80m: RMSE 30.21, Bias(9.59,-5.29), N=177
80-90m: RMSE 24.55, Bias(0.56,-6.01), N=172
90-100m: RMSE 25.82, Bias(-6.88,-9.09), N=177
100-110m: RMSE 25.91, Bias(-8.26,-8.43), N=43","IN1: RMSE 47.87, Bias(34.35,2.13), N=206
IN2: RMSE 39.35, Bias(32.99,3.78), N=205
IN3: RMSE 19.63, Bias(0.31,1.44), N=204
OUT1: RMSE 24.07, Bias(1.19,-3.19), N=206
OUT2: RMSE 41.21, Bias(0.95,-26.45), N=205
OUT3: RMSE 57.88, Bias(7.41,-38.39), N=204",40-50m: -17.13 | 50-60m: -17.33 | 60-70m: -5.73 | 70-80m: -5.29 | 80-90m: -6.01 | 90-100m: -9.09 | 100-110m: -8.43
2026-02-24T20:33:56,23,500,bottom,0,"{
    ""R"": [[0.9989453464062403, -0.022182356803139194, 0.040201218140422865],
          [0.03620339080629711, -0.1579840775414126, -0.9867777590407655],
          [0.02824020870040047, 0.9871924707421781, -0.15701438253392813]],
    ""t"": [0.08, 0.0, -0.08]
}",31,37.99,36.03,23.05,22.85,0.145,0.195,7.66,4.41,-19.59,"30-40m: RMSE 74.16, Bias(-6.29,-63.97), N=24
40-50m: RMSE 57.56, Bias(-2.14,-46.28), N=275
50-60m: RMSE 37.74, Bias(6.81,-20.09), N=414
60-70m: RMSE 34.49, Bias(11.02,-13.53), N=348
70-80m: RMSE 29.97, Bias(6.12,-10.93), N=242
80-90m: RMSE 23.33, Bias(1.21,-8.93), N=223
90-100m: RMSE 25.67, Bias(1.89,-12.46), N=230
100-110m: RMSE 30.63, Bias(-1.35,-13.39), N=63","IN1: RMSE 40.18, Bias(22.6,-21.79), N=306
IN2: RMSE 30.04, Bias(21.24,-5.13), N=302
IN3: RMSE 33.42, Bias(9.6,-16.06), N=302
OUT1: RMSE 35.68, Bias(-2.01,-25.17), N=304
OUT2: RMSE 50.54, Bias(-16.15,-31.88), N=302
OUT3: RMSE 33.2, Bias(-9.0,-17.44), N=303",30-40m: -63.97 | 40-50m: -46.28 | 50-60m: -20.09 | 60-70m: -13.53 | 70-80m: -10.93 | 80-90m: -8.93 | 90-100m: -12.46 | 100-110m: -13.39
2026-02-24T20:37:44,24,500,bottom,0,"{
    ""R"": [[0.9968255477747943, -0.018529336071636423, 0.07743055603717147],
          [0.0735291875287028, -0.1587190740635877, -0.9845819996880739],
          [0.030533356920752736, 0.9871498970435758, -0.1568527809189499]],
    ""t"": [0.08, 0.0, -0.08]
}",32,41.13,41.59,22.26,21.87,0.18,0.206,5.56,17.36,-21.72,"30-40m: RMSE 69.5, Bias(-1.31,-57.73), N=22
40-50m: RMSE 56.97, Bias(3.65,-45.66), N=276
50-60m: RMSE 42.94, Bias(17.79,-21.67), N=450
60-70m: RMSE 41.69, Bias(23.45,-17.19), N=384
70-80m: RMSE 37.7, Bias(22.08,-12.63), N=222
80-90m: RMSE 32.49, Bias(18.22,-12.15), N=200
90-100m: RMSE 34.7, Bias(20.07,-16.21), N=225
100-110m: RMSE 30.2, Bias(14.79,-14.33), N=62","IN1: RMSE 54.11, Bias(36.72,-32.21), N=307
IN2: RMSE 41.99, Bias(34.26,-14.66), N=308
IN3: RMSE 43.25, Bias(24.05,-22.77), N=307
OUT1: RMSE 34.38, Bias(10.79,-21.43), N=306
OUT2: RMSE 45.44, Bias(-3.72,-27.3), N=306
OUT3: RMSE 33.44, Bias(1.93,-12.02), N=307",30-40m: -57.73 | 40-50m: -45.66 | 50-60m: -21.67 | 60-70m: -17.19 | 70-80m: -12.63 | 80-90m: -12.15 | 90-100m: -16.21 | 100-110m: -14.33
2026-02-24T20:41:32,25,500,bottom,0,"{
    ""R"": [[0.9997057808091644, -0.022968076731587732, 0.007798670911766368],
          [0.004052715625582064, -0.15883274238529008, -0.9872971869920557],
          [0.02391500183559039, 0.9870383110080477, -0.15869292766088744]],
    ""t"": [0.08, 0.0, -0.08]
}",30,38.1,36.67,23.27,23.52,0.145,0.215,7.48,1.37,-21.27,"30-40m: RMSE 69.94, Bias(-6.54,-56.32), N=14
40-50m: RMSE 60.59, Bias(-0.88,-47.57), N=235
50-60m: RMSE 41.46, Bias(5.3,-24.79), N=383
60-70m: RMSE 36.25, Bias(4.67,-17.1), N=360
70-80m: RMSE 31.62, Bias(2.49,-11.84), N=240
80-90m: RMSE 23.67, Bias(-1.65,-9.31), N=214
90-100m: RMSE 27.61, Bias(-3.41,-14.88), N=233
100-110m: RMSE 32.42, Bias(-7.22,-18.05), N=66","IN1: RMSE 33.23, Bias(20.71,-12.87), N=291
IN2: RMSE 23.3, Bias(11.29,-0.26), N=294
IN3: RMSE 33.37, Bias(7.46,-15.49), N=288
OUT1: RMSE 43.58, Bias(-6.11,-31.58), N=290
OUT2: RMSE 52.67, Bias(-14.61,-34.91), N=291
OUT3: RMSE 41.85, Bias(-10.59,-32.69), N=291",30-40m: -56.32 | 40-50m: -47.57 | 50-60m: -24.79 | 60-70m: -17.1 | 70-80m: -11.84 | 80-90m: -9.31 | 90-100m: -14.88 | 100-110m: -18.05
2026-02-24T20:45:17,26,500,bottom,0,"{
    ""R"": [[0.9996672787420782, -0.021224036622808622, 0.014658515676569625],
          [0.011203656425844788, -0.15460775890991507, -0.9879124045013018],
          [0.023233809310962972, 0.9877479340167143, -0.15431853080759447]],
    ""t"": [0.08, 0.0, -0.08]
}",32,37.32,34.01,22.79,22.45,0.138,0.174,8.06,5.77,-12.94,"30-40m: RMSE 75.09, Bias(-0.73,-62.06), N=19
40-50m: RMSE 53.89, Bias(4.36,-38.96), N=291
50-60m: RMSE 38.75, Bias(9.83,-13.59), N=395
60-70m: RMSE 33.23, Bias(9.66,-7.37), N=359
70-80m: RMSE 29.97, Bias(4.17,-4.89), N=214
80-90m: RMSE 22.84, Bias(2.67,-1.14), N=220
90-100m: RMSE 22.76, Bias(2.12,-4.04), N=229
100-110m: RMSE 25.78, Bias(-4.03,-6.23), N=61","IN1: RMSE 39.93, Bias(24.3,-8.06), N=299
IN2: RMSE 29.7, Bias(20.93,6.6), N=297
IN3: RMSE 25.33, Bias(10.26,-0.74), N=299
OUT1: RMSE 35.8, Bias(-1.44,-22.64), N=300
OUT2: RMSE 45.31, Bias(-11.56,-26.71), N=295
OUT3: RMSE 40.42, Bias(-7.99,-26.15), N=298",30-40m: -62.06 | 40-50m: -38.96 | 50-60m: -13.59 | 60-70m: -7.37 | 70-80m: -4.89 | 80-90m: -1.14 | 90-100m: -4.04 | 100-110m: -6.23
2026-02-24T20:48:55,27,500,bottom,-1,"{
    ""R"": [[0.9303957882533982, -0.07082749877883378, -0.35964863772447564],
          [-0.36538092022639795, -0.10068150574043867, -0.9253972214872634],
          [0.029333604191227165, 0.9923944275430878, -0.1195526655770586]],
    ""t"": [0.08, 0.0, -0.08]
}",12,51.26,52.02,40.65,39.64,0.172,0.132,18.87,11.31,-6.63,"30-40m: RMSE 51.26, Bias(-48.62,-12.61), N=5
40-50m: RMSE 82.53, Bias(-20.45,-25.33), N=16
50-60m: RMSE 69.21, Bias(15.19,-24.47), N=21
60-70m: RMSE 51.68, Bias(13.87,-1.09), N=36
70-80m: RMSE 59.28, Bias(31.16,-15.92), N=53
80-90m: RMSE 46.0, Bias(26.57,-6.61), N=129
90-100m: RMSE 38.34, Bias(-4.24,2.2), N=115
100-110m: RMSE 40.68, Bias(-15.85,-7.66), N=22","IN1: RMSE 60.95, Bias(26.88,-20.28), N=68
IN2: RMSE 56.6, Bias(41.63,-20.33), N=66
IN3: RMSE 34.92, Bias(12.55,2.89), N=66
OUT1: RMSE 41.72, Bias(-5.21,15.17), N=65
OUT2: RMSE 57.57, Bias(-12.58,-14.54), N=70
OUT3: RMSE 38.91, Bias(4.95,-1.16), N=62",30-40m: -12.61 | 40-50m: -25.33 | 50-60m: -24.47 | 60-70m: -1.09 | 70-80m: -15.92 | 80-90m: -6.61 | 90-100m: 2.2 | 100-110m: -7.66
2026-02-24T20:52:37,28,500,bottom,0,"{
    ""R"": [[0.9980758475861318, -0.018458406177697746, 0.05919366272333622],
          [0.05562811163568044, -0.1551212816593176, -0.9863279886387787],
          [0.02738823946647947, 0.9877229749366722, -0.1537959983913006]],
    ""t"": [0.08, 0.0, -0.08]
}",31,38.21,34.62,23.3,22.1,0.175,0.156,5.11,16.03,-12.34,"30-40m: RMSE 58.56, Bias(-1.3,-46.8), N=18
40-50m: RMSE 50.66, Bias(7.34,-38.75), N=320
50-60m: RMSE 39.02, Bias(17.81,-11.26), N=444
60-70m: RMSE 35.54, Bias(19.63,-5.34), N=396
70-80m: RMSE 34.54, Bias(17.29,-2.52), N=251
80-90m: RMSE 29.36, Bias(17.64,-3.48), N=211
90-100m: RMSE 29.57, Bias(18.93,-7.44), N=209
100-110m: RMSE 24.69, Bias(10.11,-5.2), N=64","IN1: RMSE 50.08, Bias(32.38,-22.34), N=320
IN2: RMSE 40.85, Bias(32.49,-2.56), N=323
IN3: RMSE 29.75, Bias(18.76,-4.22), N=316
OUT1: RMSE 29.84, Bias(11.14,-14.38), N=317
OUT2: RMSE 40.07, Bias(0.18,-20.13), N=318
OUT3: RMSE 33.03, Bias(0.95,-10.47), N=319",30-40m: -46.8 | 40-50m: -38.75 | 50-60m: -11.26 | 60-70m: -5.34 | 70-80m: -2.52 | 80-90m: -3.48 | 90-100m: -7.44 | 100-110m: -5.2
2026-02-24T20:56:25,29,500,bottom,0,"{
    ""R"": [[0.9993873910740246, -0.02624692385905746, -0.023150411447563593],
          [-0.026989809641300856, -0.15689957825855724, -0.9872457001769182],
          [0.02227987293009053, 0.9872657298469467, -0.15751185965505998]],
    ""t"": [0.034139204770326614, 0.6256146430969238, -1.1961461305618286]
}",31,34.8,30.71,22.32,20.52,0.155,0.155,7.12,-15.35,-9.59,"30-40m: RMSE 67.2, Bias(-10.72,-56.29), N=36
40-50m: RMSE 45.84, Bias(-11.54,-19.4), N=321
50-60m: RMSE 37.37, Bias(-11.55,-7.1), N=342
60-70m: RMSE 34.52, Bias(-13.2,-7.06), N=267
70-80m: RMSE 35.86, Bias(-15.87,-5.95), N=165
80-90m: RMSE 28.18, Bias(-18.52,3.17), N=133
90-100m: RMSE 36.1, Bias(-27.53,-4.39), N=174
100-110m: RMSE 39.56, Bias(-32.89,-6.68), N=36","IN1: RMSE 25.04, Bias(5.88,16.06), N=246
IN2: RMSE 26.31, Bias(-13.52,4.7), N=247
IN3: RMSE 34.75, Bias(-22.03,-7.46), N=244
OUT1: RMSE 45.24, Bias(-28.28,-18.08), N=246
OUT2: RMSE 44.71, Bias(-22.22,-19.11), N=245
OUT3: RMSE 50.22, Bias(-11.99,-33.72), N=246",30-40m: -56.29 | 40-50m: -19.4 | 50-60m: -7.1 | 60-70m: -7.06 | 70-80m: -5.95 | 80-90m: 3.17 | 90-100m: -4.39 | 100-110m: -6.68
2026-02-24T21:00:36,30,500,bottom,-1,"{
    ""R"": [[1, 0.0, 0.0],
          [0.0, 0.0, -1.0],
          [0.0, 1.0, 0.0]],
    ""t"": [0.08, 0.0, -0.08]
}",,,,,,,,,,,,,
2026-02-24T21:04:22,31,500,bottom,0,"{
    ""R"": [[0.9995550266461019, -0.024027709137030853, -0.01767534724233399],
          [-0.02119177402807755, -0.15501580768121298, -0.9876846703692859],
          [0.02099184174992121, 0.9876197489735444, -0.1554560195598066]],
    ""t"": [-0.19153748452663422, 0.5182414054870605, -1.1767252683639526]
}",29,34.74,32.5,21.44,20.2,0.169,0.141,5.96,-21.98,-6.65,"30-40m: RMSE 68.95, Bias(-29.49,-50.79), N=33
40-50m: RMSE 45.86, Bias(-23.32,-14.42), N=304
50-60m: RMSE 37.23, Bias(-18.56,-3.89), N=323
60-70m: RMSE 34.7, Bias(-18.8,-3.79), N=238
70-80m: RMSE 36.53, Bias(-24.12,-3.14), N=161
80-90m: RMSE 30.36, Bias(-21.98,3.04), N=125
90-100m: RMSE 36.31, Bias(-25.49,-3.66), N=160
100-110m: RMSE 37.37, Bias(-30.48,-6.8), N=35","IN1: RMSE 26.64, Bias(-3.19,13.08), N=232
IN2: RMSE 26.03, Bias(-11.15,6.34), N=229
IN3: RMSE 33.8, Bias(-24.07,-2.48), N=229
OUT1: RMSE 49.7, Bias(-34.36,-19.61), N=229
OUT2: RMSE 47.68, Bias(-34.69,-14.88), N=230
OUT3: RMSE 44.24, Bias(-24.6,-22.49), N=230",30-40m: -50.79 | 40-50m: -14.42 | 50-60m: -3.89 | 60-70m: -3.79 | 70-80m: -3.14 | 80-90m: 3.04 | 90-100m: -3.66 | 100-110m: -6.8
2026-02-24T21:08:09,32,500,bottom,0,"{
    ""R"": [[0.999560205469115, -0.018446740177114732, -0.02321881606321293],
          [-0.025870252654260437, -0.15969908087244225, -0.9868266988666762],
          [0.014495712129591904, 0.9869933745194718, -0.1601060679191165]],
    ""t"": [0.08, 0.0, -0.08]
}",31,47.67,45.5,24.26,22.82,0.194,0.245,7.98,19.91,-21.62,"30-40m: RMSE 59.24, Bias(18.94,-41.68), N=6
40-50m: RMSE 63.17, Bias(23.27,-42.84), N=237
50-60m: RMSE 52.71, Bias(25.06,-26.18), N=379
60-70m: RMSE 46.52, Bias(22.32,-17.06), N=333
70-80m: RMSE 40.3, Bias(21.03,-13.31), N=230
80-90m: RMSE 31.29, Bias(14.33,-12.35), N=213
90-100m: RMSE 31.35, Bias(11.49,-15.1), N=218
100-110m: RMSE 34.12, Bias(4.77,-20.53), N=51","IN1: RMSE 49.22, Bias(39.25,-9.33), N=278
IN2: RMSE 40.07, Bias(34.26,3.41), N=282
IN3: RMSE 39.26, Bias(23.94,-12.88), N=286
OUT1: RMSE 45.17, Bias(10.86,-29.94), N=267
OUT2: RMSE 48.91, Bias(0.11,-36.3), N=276
OUT3: RMSE 54.44, Bias(10.24,-45.73), N=278",30-40m: -41.68 | 40-50m: -42.84 | 50-60m: -26.18 | 60-70m: -17.06 | 70-80m: -13.31 | 80-90m: -12.35 | 90-100m: -15.1 | 100-110m: -20.53
2026-02-24T21:11:54,33,500,bottom,0,"{
    ""R"": [[0.9975700126052929, -0.018099297278561133, 0.06727916013669845],
          [0.06348992433073625, -0.16149106631352914, -0.9848297644818605],
          [0.028689709987286652, 0.9867081893543513, -0.1599495220433739]],
    ""t"": [0.3995523154735565, 0.5933769941329956, -1.9455690383911133]
}",31,50.76,50.3,22.62,20.86,0.278,0.185,7.03,36.86,-17.13,"30-40m: RMSE 79.27, Bias(40.06,-59.38), N=28
40-50m: RMSE 60.21, Bias(38.28,-35.21), N=316
50-60m: RMSE 52.68, Bias(41.62,-11.66), N=374
60-70m: RMSE 48.45, Bias(39.44,-12.41), N=343
70-80m: RMSE 45.14, Bias(33.89,-10.74), N=246
80-90m: RMSE 40.18, Bias(29.86,-11.3), N=218
90-100m: RMSE 42.89, Bias(34.83,-15.41), N=174
100-110m: RMSE 38.88, Bias(25.55,-15.06), N=52","IN1: RMSE 58.3, Bias(40.78,-28.21), N=292
IN2: RMSE 51.56, Bias(42.54,-12.19), N=293
IN3: RMSE 44.32, Bias(34.72,-12.31), N=295
OUT1: RMSE 47.32, Bias(32.7,-21.74), N=288
OUT2: RMSE 49.32, Bias(30.38,-20.07), N=292
OUT3: RMSE 49.41, Bias(40.0,-8.41), N=292",30-40m: -59.38 | 40-50m: -35.21 | 50-60m: -11.66 | 60-70m: -12.41 | 70-80m: -10.74 | 80-90m: -11.3 | 90-100m: -15.41 | 100-110m: -15.06
2026-02-24T21:15:40,34,500,bottom,0,"{
    ""R"": [[0.9992044686029263, -0.026702142933444615, 0.029621368751382143],
          [0.025102545685070896, -0.15603683185135941, -0.9874322099799662],
          [0.030988580543038626, 0.9873902484167812, -0.15524240788964552]],
    ""t"": [0.2472940981388092, 0.7058714032173157, -1.5389636754989624]
}",30,27.89,23.64,21.57,19.64,0.112,0.123,6.54,-2.42,-1.12,"30-40m: RMSE 47.38, Bias(-5.54,-35.55), N=44
40-50m: RMSE 30.04, Bias(0.66,-6.86), N=334
50-60m: RMSE 30.77, Bias(3.65,3.76), N=271
60-70m: RMSE 29.53, Bias(-1.45,2.81), N=239
70-80m: RMSE 26.51, Bias(-5.39,1.49), N=136
80-90m: RMSE 24.04, Bias(-9.06,4.39), N=121
90-100m: RMSE 23.75, Bias(-8.67,0.2), N=136
100-110m: RMSE 30.37, Bias(-18.44,-1.84), N=44","IN1: RMSE 23.66, Bias(4.05,10.54), N=224
IN2: RMSE 24.39, Bias(10.05,9.72), N=218
IN3: RMSE 22.21, Bias(-7.26,7.97), N=221
OUT1: RMSE 27.06, Bias(-8.63,-4.01), N=220
OUT2: RMSE 35.48, Bias(-14.08,-13.5), N=221
OUT3: RMSE 39.48, Bias(1.42,-17.46), N=221",30-40m: -35.55 | 40-50m: -6.86 | 50-60m: 3.76 | 60-70m: 2.81 | 70-80m: 1.49 | 80-90m: 4.39 | 90-100m: 0.2 | 100-110m: -1.84
2026-02-24T21:19:51,35,500,bottom,-1,"{
    ""R"": [[1, 0.0, 0.0],
          [0.0, 0.0, -1.0],
          [0.0, 1.0, 0.0]],
    ""t"": [0.08, 0.0, -0.08]
}",,,,,,,,,,,,,
2026-02-24T21:23:38,36,500,bottom,-1,"{
    ""R"": [[0.9427541474811081, -0.07025010905448037, -0.32600542876615124],
          [-0.3318378760392304, -0.10046720101535002, -0.9379711965438565],
          [0.033139725903223394, 0.9924571848185562, -0.11802751742320265]],
    ""t"": [0.08, 0.0, -0.08]
}",9,50.73,48.7,40.22,38.96,0.174,0.156,22.06,7.27,-10.65,"30-40m: RMSE 89.58, Bias(59.11,-63.94), N=7
40-50m: RMSE 55.3, Bias(14.36,-9.31), N=17
50-60m: RMSE 70.33, Bias(-11.77,-29.53), N=32
60-70m: RMSE 41.37, Bias(-10.94,-7.42), N=23
70-80m: RMSE 52.91, Bias(8.44,-23.87), N=26
80-90m: RMSE 48.82, Bias(25.61,-18.01), N=100
90-100m: RMSE 32.81, Bias(-3.65,6.28), N=103
100-110m: RMSE 31.24, Bias(-3.02,0.78), N=19","IN1: RMSE 56.28, Bias(17.59,-16.43), N=55
IN2: RMSE 55.81, Bias(35.89,-29.94), N=54
IN3: RMSE 28.03, Bias(3.77,-1.7), N=55
OUT1: RMSE 39.69, Bias(-4.27,12.19), N=54
OUT2: RMSE 30.55, Bias(6.01,6.25), N=54
OUT3: RMSE 64.0, Bias(-15.1,-33.87), N=55",30-40m: -63.94 | 40-50m: -9.31 | 50-60m: -29.53 | 60-70m: -7.42 | 70-80m: -23.87 | 80-90m: -18.01 | 90-100m: 6.28 | 100-110m: 0.78
2026-02-24T21:27:20,37,500,bottom,0,"{
    ""R"": [[0.9997220022822717, -0.021785495129184766, 0.009017225443660529],
          [0.005537811717340492, -0.15478807854414772, -0.9879321754968778],
          [0.02291835059747609, 0.9877074683035394, -0.15462440384138668]],
    ""t"": [0.08, 0.0, -0.08]
}",31,34.33,32.7,22.18,22.31,0.136,0.17,6.37,2.81,-12.84,"30-40m: RMSE 72.19, Bias(1.3,-58.68), N=17
40-50m: RMSE 51.41, Bias(3.87,-36.94), N=279
50-60m: RMSE 37.68, Bias(6.28,-13.61), N=418
60-70m: RMSE 33.28, Bias(4.74,-7.78), N=397
70-80m: RMSE 30.77, Bias(2.2,-6.74), N=242
80-90m: RMSE 23.8, Bias(-0.61,-3.29), N=211
90-100m: RMSE 21.97, Bias(-1.06,-4.64), N=233
100-110m: RMSE 24.37, Bias(-8.86,-6.14), N=61","IN1: RMSE 37.19, Bias(22.87,-8.54), N=310
IN2: RMSE 29.63, Bias(18.23,4.12), N=310
IN3: RMSE 19.54, Bias(4.61,3.22), N=310
OUT1: RMSE 34.38, Bias(-3.32,-20.56), N=309
OUT2: RMSE 46.63, Bias(-13.66,-27.82), N=309
OUT3: RMSE 40.15, Bias(-11.94,-27.56), N=310",30-40m: -58.68 | 40-50m: -36.94 | 50-60m: -13.61 | 60-70m: -7.78 | 70-80m: -6.74 | 80-90m: -3.29 | 90-100m: -4.64 | 100-110m: -6.14
2026-02-24T21:31:02,38,500,bottom,0,"{
    ""R"": [[0.9987726336763637, -0.02948086861515574, -0.039800811610748756],
          [-0.04393783292438385, -0.1564431039827757, -0.9867091881877572],
          [0.02286248142891088, 0.9872468959697621, -0.15754641646506054]],
    ""t"": [0.09205029904842377, 0.6403085589408875, -0.8479660153388977]
}",30,39.59,34.79,24.86,24.04,0.179,0.157,5.6,-21.69,-9.46,"30-40m: RMSE 67.72, Bias(-16.8,-53.87), N=39
40-50m: RMSE 48.44, Bias(-17.96,-15.65), N=329
50-60m: RMSE 41.5, Bias(-19.53,-7.83), N=329
60-70m: RMSE 42.3, Bias(-25.23,-7.09), N=269
70-80m: RMSE 43.05, Bias(-24.94,-5.16), N=186
80-90m: RMSE 38.72, Bias(-22.54,-2.93), N=141
90-100m: RMSE 38.91, Bias(-25.62,-3.02), N=116
100-110m: RMSE 30.7, Bias(-21.54,-4.29), N=24","IN1: RMSE 28.08, Bias(2.73,12.86), N=239
IN2: RMSE 30.06, Bias(-17.89,9.0), N=240
IN3: RMSE 38.94, Bias(-28.36,-5.51), N=239
OUT1: RMSE 54.85, Bias(-31.78,-24.92), N=238
OUT2: RMSE 47.77, Bias(-29.17,-14.09), N=238
OUT3: RMSE 55.14, Bias(-25.77,-34.29), N=239",30-40m: -53.87 | 40-50m: -15.65 | 50-60m: -7.83 | 60-70m: -7.09 | 70-80m: -5.16 | 80-90m: -2.93 | 90-100m: -3.02 | 100-110m: -4.29
2026-02-24T21:34:45,39,500,bottom,-1,"{
    ""R"": [[0.9406486437594398, -0.06903604320479455, -0.3322862526981076],
          [-0.33791140847683193, -0.09946758694869083, -0.9359070889611895],
          [0.031559610497094596, 0.9926430495828948, -0.11689211735630975]],
    ""t"": [0.08, 0.0, -0.08]
}",12,53.81,54.5,39.55,42.38,0.175,0.143,23.35,7.99,-9.91,"30-40m: RMSE 70.01, Bias(-4.87,-35.45), N=9
40-50m: RMSE 66.8, Bias(-17.71,-26.17), N=28
